data;
param: I: demand:=
1	1230
2	1243
3	1196
4	1040
5	1006
6	942
7	866
8	891
9	1090
10	1386
11	1508
12	1625
13	1682
14	1637
15	1545
16	1451
17	1248
18	1374
19	1435
20	1482
21	1663
22	1370
23	1347
24	1169;
param: renewableEnergyProduction:=
1	811
2	838
3	875
4	888
5	937
6	972
7	1050
8	1073
9	1077
10	1153
11	1565
12	1657
13	1743
14	1760
15	1742
16	1580
17	1540
18	1406
19	1315
20	1324
21	1327
22	1410
23	1499
24	1460;
param: priceBuying:=
1	40
2	36
3	32
4	28
5	27
6	32
7	36
8	41
9	43
10	50
11	55
12	61
13	67
14	69
15	73
16	79
17	79
18	73
19	68
20	61
21	59
22	53
23	51
24	44;
param: priceSelling:=
1		28
2		25
3		23
4		20
5		19
6		23
7		25
8		29
9		30
10		35
11		39
12		43
13		47
14		48
15		51
16		55
17		55
18		51
19		48
20		43
21		41
22		37
23		36
24		31;

set PEV:= 
C1 C2 C3 C4 C5 C6 C7 C8 C9 C10 C11 C12 C13 C14 C15 C16 C17 C18 C19 C20 C21 C22 C23 C24 C25 C26 C27 C28 C29 C30 C31 C32 C33 C34 C35 C36 C37 C38 C39 C40 C41 C42 C43 C44 C45 C46 C47 C48 C49 C50 
;

param pevDisp
:
1 2 3 4 5 6 7 8 9 10 11 12 13 14 15 16 17 18 19 20 21 22 23 24 
:=
C1
1 1 1 1 1 0 1 0 1 1 1 1 1 1 1 1 1 1 1 1 1 1 1 1 
C2
1 1 1 1 1 1 1 1 1 1 1 1 1 1 1 1 1 1 1 1 1 1 1 1 
C3
1 1 1 1 1 0 0 1 1 1 0 0 1 1 1 1 1 1 1 1 1 1 1 1 
C4
1 1 1 1 1 1 1 1 1 0 0 0 0 0 1 1 1 1 1 1 1 1 1 1 
C5
1 1 1 1 1 1 1 1 1 1 1 1 1 1 1 1 1 1 1 1 1 1 1 1 
C6
1 1 0 1 1 1 1 0 0 0 1 1 1 1 0 0 0 0 1 1 0 1 1 1 
C7
0 1 1 1 1 1 1 1 1 1 1 1 1 1 1 1 1 1 1 1 1 1 0 0 
C8
0 1 0 0 0 0 1 1 1 1 1 0 1 1 1 1 1 1 0 0 0 1 1 1 
C9
0 0 0 0 1 1 1 1 1 1 1 1 1 1 1 1 1 0 0 1 1 1 1 1 
C10
0 0 0 0 1 0 1 1 1 1 1 1 1 1 1 1 1 1 1 1 1 1 1 1 
C11
0 0 1 1 1 1 1 1 1 1 1 1 1 1 0 0 1 1 1 1 1 1 1 1 
C12
0 1 1 1 1 1 1 1 1 1 1 1 1 0 1 1 1 1 1 1 1 1 1 1 
C13
0 0 1 1 1 1 1 1 1 1 1 1 1 0 1 1 1 1 0 0 0 1 1 1 
C14
0 1 1 1 1 1 1 0 1 1 0 1 1 1 1 1 1 1 1 1 1 1 1 1 
C15
0 0 0 0 0 1 1 1 1 1 1 1 1 1 1 1 0 0 0 1 1 1 1 1 
C16
1 1 1 1 1 1 1 1 1 1 1 1 1 1 1 1 1 1 1 1 1 1 1 1 
C17
1 1 1 1 1 1 1 1 1 1 1 1 1 1 1 1 1 0 0 1 1 1 1 1 
C18
1 1 1 1 1 0 0 1 1 0 0 1 1 1 1 1 1 1 1 1 1 1 1 1 
C19
0 0 0 1 0 1 1 1 1 1 1 1 1 1 1 1 1 1 1 1 1 1 1 1 
C20
1 1 1 1 1 0 1 0 0 0 0 1 0 0 1 1 1 1 1 1 1 1 1 1 
C21
0 0 1 1 1 1 1 1 1 1 1 1 1 1 1 1 1 1 1 1 1 1 1 1 
C22
1 1 1 1 1 1 1 1 1 1 1 1 1 1 1 1 1 1 1 1 1 1 1 1 
C23
1 1 1 1 1 1 1 1 1 1 1 1 0 1 1 1 1 1 1 1 1 1 1 1 
C24
1 1 1 1 1 1 1 1 1 1 1 1 1 0 1 1 1 1 1 1 1 1 1 1 
C25
0 1 1 1 1 1 1 1 1 1 1 1 1 1 1 1 1 1 1 1 1 1 1 1 
C26
0 1 1 1 1 0 0 0 0 0 1 0 1 0 0 1 1 1 1 0 1 1 1 1 
C27
0 0 1 1 1 0 0 0 0 0 1 1 1 1 1 1 1 1 0 1 1 1 1 1 
C28
0 1 1 1 0 0 0 1 1 1 1 1 1 1 1 1 1 1 1 1 1 1 0 0 
C29
1 1 1 1 1 1 1 1 1 1 1 1 1 1 1 1 1 1 1 1 1 1 1 1 
C30
1 1 1 1 1 1 1 1 1 1 1 1 1 1 1 0 0 0 0 1 1 1 1 1 
C31
0 1 1 1 1 1 1 1 1 1 1 1 1 1 1 0 0 0 0 1 1 1 1 1 
C32
1 1 0 1 1 1 1 1 1 1 1 1 1 1 1 1 1 1 1 1 1 1 1 1 
C33
1 1 1 1 1 1 1 1 1 1 1 1 1 1 1 1 1 1 1 1 1 1 1 1 
C34
1 1 1 1 1 1 1 0 0 1 1 1 1 1 1 1 1 1 1 0 0 1 1 1 
C35
1 1 1 1 1 1 1 1 1 1 1 1 1 1 1 1 1 1 1 1 1 1 1 1 
C36
1 1 1 1 1 1 1 1 1 1 0 1 1 1 1 1 1 1 1 1 0 0 0 0 
C37
0 0 1 1 1 1 1 1 0 1 1 1 1 1 1 1 1 1 1 1 1 1 1 1 
C38
0 0 1 1 1 1 1 1 1 1 1 1 1 0 1 1 1 1 1 1 1 1 1 1 
C39
1 1 1 1 1 1 1 1 1 1 1 1 1 1 1 1 1 1 1 1 1 1 1 1 
C40
1 1 0 0 1 0 0 0 0 1 1 1 1 0 1 0 1 1 1 1 1 1 1 1 
C41
0 1 1 1 1 1 1 0 0 1 1 1 1 1 1 1 1 1 1 1 1 0 1 1 
C42
0 1 1 1 1 0 1 1 1 1 0 1 1 1 1 1 1 1 1 0 1 1 1 1 
C43
1 1 1 0 1 1 1 1 1 0 0 1 1 1 1 1 1 1 1 1 1 1 1 1 
C44
1 1 1 1 1 1 1 1 1 1 1 1 1 1 1 1 1 1 1 1 1 1 1 1 
C45
1 1 1 1 1 1 1 1 1 1 1 1 1 1 1 1 1 0 0 1 1 1 1 1 
C46
1 1 1 1 0 0 1 1 1 1 1 1 1 1 1 1 1 1 1 1 1 1 1 1 
C47
1 1 1 1 1 1 1 1 1 1 1 1 1 1 1 0 0 0 1 1 1 1 0 0 
C48
1 1 1 1 1 1 1 1 1 1 1 1 1 1 1 1 1 1 0 1 1 1 1 1 
C49
1 1 0 0 1 1 1 0 0 1 1 1 1 1 1 1 1 1 1 1 1 1 1 1 
C50
1 1 1 1 1 1 1 1 1 1 1 1 1 1 1 1 1 1 1 1 1 1 1 1 
;

param pevArrival
:
1 2 3 4 5 6 7 8 9 10 11 12 13 14 15 16 17 18 19 20 21 22 23 24 
:=
C1
1 0 0 0 0 0 1 0 1 0 0 0 0 0 0 0 0 0 0 0 0 0 0 0 
C2
1 0 0 0 0 0 0 0 0 0 0 0 0 0 0 0 0 0 0 0 0 0 0 0 
C3
1 0 0 0 0 0 0 1 0 0 0 0 1 0 0 0 0 0 0 0 0 0 0 0 
C4
1 0 0 0 0 0 0 0 0 0 0 0 0 0 1 0 0 0 0 0 0 0 0 0 
C5
1 0 0 0 0 0 0 0 0 0 0 0 0 0 0 0 0 0 0 0 0 0 0 0 
C6
1 0 0 1 0 0 0 0 0 0 1 0 0 0 0 0 0 0 1 0 0 1 0 0 
C7
0 1 0 0 0 0 0 0 0 0 0 0 0 0 0 0 0 0 0 0 0 0 0 0 
C8
0 1 0 0 0 0 1 0 0 0 0 0 1 0 0 0 0 0 0 0 0 1 0 0 
C9
0 0 0 0 1 0 0 0 0 0 0 0 0 0 0 0 0 0 0 1 0 0 0 0 
C10
0 0 0 0 1 0 1 0 0 0 0 0 0 0 0 0 0 0 0 0 0 0 0 0 
C11
0 0 1 0 0 0 0 0 0 0 0 0 0 0 0 0 1 0 0 0 0 0 0 0 
C12
0 1 0 0 0 0 0 0 0 0 0 0 0 0 1 0 0 0 0 0 0 0 0 0 
C13
0 0 1 0 0 0 0 0 0 0 0 0 0 0 1 0 0 0 0 0 0 1 0 0 
C14
0 1 0 0 0 0 0 0 1 0 0 1 0 0 0 0 0 0 0 0 0 0 0 0 
C15
0 0 0 0 0 1 0 0 0 0 0 0 0 0 0 0 0 0 0 1 0 0 0 0 
C16
1 0 0 0 0 0 0 0 0 0 0 0 0 0 0 0 0 0 0 0 0 0 0 0 
C17
1 0 0 0 0 0 0 0 0 0 0 0 0 0 0 0 0 0 0 1 0 0 0 0 
C18
1 0 0 0 0 0 0 1 0 0 0 1 0 0 0 0 0 0 0 0 0 0 0 0 
C19
0 0 0 1 0 1 0 0 0 0 0 0 0 0 0 0 0 0 0 0 0 0 0 0 
C20
1 0 0 0 0 0 1 0 0 0 0 1 0 0 1 0 0 0 0 0 0 0 0 0 
C21
0 0 1 0 0 0 0 0 0 0 0 0 0 0 0 0 0 0 0 0 0 0 0 0 
C22
1 0 0 0 0 0 0 0 0 0 0 0 0 0 0 0 0 0 0 0 0 0 0 0 
C23
1 0 0 0 0 0 0 0 0 0 0 0 0 1 0 0 0 0 0 0 0 0 0 0 
C24
1 0 0 0 0 0 0 0 0 0 0 0 0 0 1 0 0 0 0 0 0 0 0 0 
C25
0 1 0 0 0 0 0 0 0 0 0 0 0 0 0 0 0 0 0 0 0 0 0 0 
C26
0 1 0 0 0 0 0 0 0 0 1 0 1 0 0 1 0 0 0 0 1 0 0 0 
C27
0 0 1 0 0 0 0 0 0 0 1 0 0 0 0 0 0 0 0 1 0 0 0 0 
C28
0 1 0 0 0 0 0 1 0 0 0 0 0 0 0 0 0 0 0 0 0 0 0 0 
C29
1 0 0 0 0 0 0 0 0 0 0 0 0 0 0 0 0 0 0 0 0 0 0 0 
C30
1 0 0 0 0 0 0 0 0 0 0 0 0 0 0 0 0 0 0 1 0 0 0 0 
C31
0 1 0 0 0 0 0 0 0 0 0 0 0 0 0 0 0 0 0 1 0 0 0 0 
C32
1 0 0 1 0 0 0 0 0 0 0 0 0 0 0 0 0 0 0 0 0 0 0 0 
C33
1 0 0 0 0 0 0 0 0 0 0 0 0 0 0 0 0 0 0 0 0 0 0 0 
C34
1 0 0 0 0 0 0 0 0 1 0 0 0 0 0 0 0 0 0 0 0 1 0 0 
C35
1 0 0 0 0 0 0 0 0 0 0 0 0 0 0 0 0 0 0 0 0 0 0 0 
C36
1 0 0 0 0 0 0 0 0 0 0 1 0 0 0 0 0 0 0 0 0 0 0 0 
C37
0 0 1 0 0 0 0 0 0 1 0 0 0 0 0 0 0 0 0 0 0 0 0 0 
C38
0 0 1 0 0 0 0 0 0 0 0 0 0 0 1 0 0 0 0 0 0 0 0 0 
C39
1 0 0 0 0 0 0 0 0 0 0 0 0 0 0 0 0 0 0 0 0 0 0 0 
C40
1 0 0 0 1 0 0 0 0 1 0 0 0 0 1 0 1 0 0 0 0 0 0 0 
C41
0 1 0 0 0 0 0 0 0 1 0 0 0 0 0 0 0 0 0 0 0 0 1 0 
C42
0 1 0 0 0 0 1 0 0 0 0 1 0 0 0 0 0 0 0 0 1 0 0 0 
C43
1 0 0 0 1 0 0 0 0 0 0 1 0 0 0 0 0 0 0 0 0 0 0 0 
C44
1 0 0 0 0 0 0 0 0 0 0 0 0 0 0 0 0 0 0 0 0 0 0 0 
C45
1 0 0 0 0 0 0 0 0 0 0 0 0 0 0 0 0 0 0 1 0 0 0 0 
C46
1 0 0 0 0 0 1 0 0 0 0 0 0 0 0 0 0 0 0 0 0 0 0 0 
C47
1 0 0 0 0 0 0 0 0 0 0 0 0 0 0 0 0 0 1 0 0 0 0 0 
C48
1 0 0 0 0 0 0 0 0 0 0 0 0 0 0 0 0 0 0 1 0 0 0 0 
C49
1 0 0 0 1 0 0 0 0 1 0 0 0 0 0 0 0 0 0 0 0 0 0 0 
C50
1 0 0 0 0 0 0 0 0 0 0 0 0 0 0 0 0 0 0 0 0 0 0 0 
;

param pevEnergyOnArrival
:
1 2 3 4 5 6 7 8 9 10 11 12 13 14 15 16 17 18 19 20 21 22 23 24 
:=
C1
23 0 0 0 0 0 20 0 49 0 0 0 0 0 0 0 0 0 0 0 0 0 0 0 
C2
15 0 0 0 0 0 0 0 0 0 0 0 0 0 0 0 0 0 0 0 0 0 0 0 
C3
95 0 0 0 0 0 0 80 0 0 0 0 36 0 0 0 0 0 0 0 0 0 0 0 
C4
60 0 0 0 0 0 0 0 0 0 0 0 0 0 26 0 0 0 0 0 0 0 0 0 
C5
24 0 0 0 0 0 0 0 0 0 0 0 0 0 0 0 0 0 0 0 0 0 0 0 
C6
49 0 0 94 0 0 0 0 0 0 92 0 0 0 0 0 0 0 77 0 0 56 0 0 
C7
0 46 0 0 0 0 0 0 0 0 0 0 0 0 0 0 0 0 0 0 0 0 0 0 
C8
0 19 0 0 0 0 91 0 0 0 0 0 93 0 0 0 0 0 0 0 0 79 0 0 
C9
0 0 0 0 52 0 0 0 0 0 0 0 0 0 0 0 0 0 0 30 0 0 0 0 
C10
0 0 0 0 79 0 68 0 0 0 0 0 0 0 0 0 0 0 0 0 0 0 0 0 
C11
0 0 55 0 0 0 0 0 0 0 0 0 0 0 0 0 46 0 0 0 0 0 0 0 
C12
0 51 0 0 0 0 0 0 0 0 0 0 0 0 16 0 0 0 0 0 0 0 0 0 
C13
0 0 63 0 0 0 0 0 0 0 0 0 0 0 19 0 0 0 0 0 0 45 0 0 
C14
0 75 0 0 0 0 0 0 63 0 0 55 0 0 0 0 0 0 0 0 0 0 0 0 
C15
0 0 0 0 0 58 0 0 0 0 0 0 0 0 0 0 0 0 0 54 0 0 0 0 
C16
68 0 0 0 0 0 0 0 0 0 0 0 0 0 0 0 0 0 0 0 0 0 0 0 
C17
55 0 0 0 0 0 0 0 0 0 0 0 0 0 0 0 0 0 0 56 0 0 0 0 
C18
51 0 0 0 0 0 0 83 0 0 0 93 0 0 0 0 0 0 0 0 0 0 0 0 
C19
0 0 0 20 0 93 0 0 0 0 0 0 0 0 0 0 0 0 0 0 0 0 0 0 
C20
21 0 0 0 0 0 80 0 0 0 0 49 0 0 15 0 0 0 0 0 0 0 0 0 
C21
0 0 28 0 0 0 0 0 0 0 0 0 0 0 0 0 0 0 0 0 0 0 0 0 
C22
66 0 0 0 0 0 0 0 0 0 0 0 0 0 0 0 0 0 0 0 0 0 0 0 
C23
19 0 0 0 0 0 0 0 0 0 0 0 0 62 0 0 0 0 0 0 0 0 0 0 
C24
92 0 0 0 0 0 0 0 0 0 0 0 0 0 15 0 0 0 0 0 0 0 0 0 
C25
0 88 0 0 0 0 0 0 0 0 0 0 0 0 0 0 0 0 0 0 0 0 0 0 
C26
0 70 0 0 0 0 0 0 0 0 16 0 56 0 0 53 0 0 0 0 51 0 0 0 
C27
0 0 41 0 0 0 0 0 0 0 83 0 0 0 0 0 0 0 0 47 0 0 0 0 
C28
0 32 0 0 0 0 0 63 0 0 0 0 0 0 0 0 0 0 0 0 0 0 0 0 
C29
31 0 0 0 0 0 0 0 0 0 0 0 0 0 0 0 0 0 0 0 0 0 0 0 
C30
90 0 0 0 0 0 0 0 0 0 0 0 0 0 0 0 0 0 0 87 0 0 0 0 
C31
0 69 0 0 0 0 0 0 0 0 0 0 0 0 0 0 0 0 0 36 0 0 0 0 
C32
35 0 0 16 0 0 0 0 0 0 0 0 0 0 0 0 0 0 0 0 0 0 0 0 
C33
89 0 0 0 0 0 0 0 0 0 0 0 0 0 0 0 0 0 0 0 0 0 0 0 
C34
59 0 0 0 0 0 0 0 0 20 0 0 0 0 0 0 0 0 0 0 0 55 0 0 
C35
68 0 0 0 0 0 0 0 0 0 0 0 0 0 0 0 0 0 0 0 0 0 0 0 
C36
19 0 0 0 0 0 0 0 0 0 0 78 0 0 0 0 0 0 0 0 0 0 0 0 
C37
0 0 84 0 0 0 0 0 0 38 0 0 0 0 0 0 0 0 0 0 0 0 0 0 
C38
0 0 42 0 0 0 0 0 0 0 0 0 0 0 54 0 0 0 0 0 0 0 0 0 
C39
78 0 0 0 0 0 0 0 0 0 0 0 0 0 0 0 0 0 0 0 0 0 0 0 
C40
94 0 0 0 73 0 0 0 0 90 0 0 0 0 38 0 65 0 0 0 0 0 0 0 
C41
0 37 0 0 0 0 0 0 0 42 0 0 0 0 0 0 0 0 0 0 0 0 38 0 
C42
0 56 0 0 0 0 50 0 0 0 0 59 0 0 0 0 0 0 0 0 43 0 0 0 
C43
66 0 0 0 49 0 0 0 0 0 0 56 0 0 0 0 0 0 0 0 0 0 0 0 
C44
22 0 0 0 0 0 0 0 0 0 0 0 0 0 0 0 0 0 0 0 0 0 0 0 
C45
46 0 0 0 0 0 0 0 0 0 0 0 0 0 0 0 0 0 0 49 0 0 0 0 
C46
50 0 0 0 0 0 57 0 0 0 0 0 0 0 0 0 0 0 0 0 0 0 0 0 
C47
87 0 0 0 0 0 0 0 0 0 0 0 0 0 0 0 0 0 34 0 0 0 0 0 
C48
91 0 0 0 0 0 0 0 0 0 0 0 0 0 0 0 0 0 0 21 0 0 0 0 
C49
55 0 0 0 72 0 0 0 0 38 0 0 0 0 0 0 0 0 0 0 0 0 0 0 
C50
25 0 0 0 0 0 0 0 0 0 0 0 0 0 0 0 0 0 0 0 0 0 0 0 
;

param pevDep
:
1 2 3 4 5 6 7 8 9 10 11 12 13 14 15 16 17 18 19 20 21 22 23 24 
:=
C1
0 0 0 0 0 1 0 1 0 0 0 0 0 0 0 0 0 0 0 0 0 0 0 0 
C2
0 0 0 0 0 0 0 0 0 0 0 0 0 0 0 0 0 0 0 0 0 0 0 0 
C3
0 0 0 0 0 1 0 0 0 0 1 0 0 0 0 0 0 0 0 0 0 0 0 0 
C4
0 0 0 0 0 0 0 0 0 1 0 0 0 0 0 0 0 0 0 0 0 0 0 0 
C5
0 0 0 0 0 0 0 0 0 0 0 0 0 0 0 0 0 0 0 0 0 0 0 0 
C6
0 0 1 0 0 0 0 1 0 0 0 0 0 0 1 0 0 0 0 0 1 0 0 0 
C7
0 0 0 0 0 0 0 0 0 0 0 0 0 0 0 0 0 0 0 0 0 0 1 0 
C8
0 0 1 0 0 0 0 0 0 0 0 1 0 0 0 0 0 0 1 0 0 0 0 0 
C9
0 0 0 0 0 0 0 0 0 0 0 0 0 0 0 0 0 1 0 0 0 0 0 0 
C10
0 0 0 0 0 1 0 0 0 0 0 0 0 0 0 0 0 0 0 0 0 0 0 0 
C11
0 0 0 0 0 0 0 0 0 0 0 0 0 0 1 0 0 0 0 0 0 0 0 0 
C12
0 0 0 0 0 0 0 0 0 0 0 0 0 1 0 0 0 0 0 0 0 0 0 0 
C13
0 0 0 0 0 0 0 0 0 0 0 0 0 1 0 0 0 0 1 0 0 0 0 0 
C14
0 0 0 0 0 0 0 1 0 0 1 0 0 0 0 0 0 0 0 0 0 0 0 0 
C15
0 0 0 0 0 0 0 0 0 0 0 0 0 0 0 0 1 0 0 0 0 0 0 0 
C16
0 0 0 0 0 0 0 0 0 0 0 0 0 0 0 0 0 0 0 0 0 0 0 0 
C17
0 0 0 0 0 0 0 0 0 0 0 0 0 0 0 0 0 1 0 0 0 0 0 0 
C18
0 0 0 0 0 1 0 0 0 1 0 0 0 0 0 0 0 0 0 0 0 0 0 0 
C19
0 0 0 0 1 0 0 0 0 0 0 0 0 0 0 0 0 0 0 0 0 0 0 0 
C20
0 0 0 0 0 1 0 1 0 0 0 0 1 0 0 0 0 0 0 0 0 0 0 0 
C21
0 0 0 0 0 0 0 0 0 0 0 0 0 0 0 0 0 0 0 0 0 0 0 0 
C22
0 0 0 0 0 0 0 0 0 0 0 0 0 0 0 0 0 0 0 0 0 0 0 0 
C23
0 0 0 0 0 0 0 0 0 0 0 0 1 0 0 0 0 0 0 0 0 0 0 0 
C24
0 0 0 0 0 0 0 0 0 0 0 0 0 1 0 0 0 0 0 0 0 0 0 0 
C25
0 0 0 0 0 0 0 0 0 0 0 0 0 0 0 0 0 0 0 0 0 0 0 0 
C26
0 0 0 0 0 1 0 0 0 0 0 1 0 1 0 0 0 0 0 1 0 0 0 0 
C27
0 0 0 0 0 1 0 0 0 0 0 0 0 0 0 0 0 0 1 0 0 0 0 0 
C28
0 0 0 0 1 0 0 0 0 0 0 0 0 0 0 0 0 0 0 0 0 0 1 0 
C29
0 0 0 0 0 0 0 0 0 0 0 0 0 0 0 0 0 0 0 0 0 0 0 0 
C30
0 0 0 0 0 0 0 0 0 0 0 0 0 0 0 1 0 0 0 0 0 0 0 0 
C31
0 0 0 0 0 0 0 0 0 0 0 0 0 0 0 1 0 0 0 0 0 0 0 0 
C32
0 0 1 0 0 0 0 0 0 0 0 0 0 0 0 0 0 0 0 0 0 0 0 0 
C33
0 0 0 0 0 0 0 0 0 0 0 0 0 0 0 0 0 0 0 0 0 0 0 0 
C34
0 0 0 0 0 0 0 1 0 0 0 0 0 0 0 0 0 0 0 1 0 0 0 0 
C35
0 0 0 0 0 0 0 0 0 0 0 0 0 0 0 0 0 0 0 0 0 0 0 0 
C36
0 0 0 0 0 0 0 0 0 0 1 0 0 0 0 0 0 0 0 0 1 0 0 0 
C37
0 0 0 0 0 0 0 0 1 0 0 0 0 0 0 0 0 0 0 0 0 0 0 0 
C38
0 0 0 0 0 0 0 0 0 0 0 0 0 1 0 0 0 0 0 0 0 0 0 0 
C39
0 0 0 0 0 0 0 0 0 0 0 0 0 0 0 0 0 0 0 0 0 0 0 0 
C40
0 0 1 0 0 1 0 0 0 0 0 0 0 1 0 1 0 0 0 0 0 0 0 0 
C41
0 0 0 0 0 0 0 1 0 0 0 0 0 0 0 0 0 0 0 0 0 1 0 0 
C42
0 0 0 0 0 1 0 0 0 0 1 0 0 0 0 0 0 0 0 1 0 0 0 0 
C43
0 0 0 1 0 0 0 0 0 1 0 0 0 0 0 0 0 0 0 0 0 0 0 0 
C44
0 0 0 0 0 0 0 0 0 0 0 0 0 0 0 0 0 0 0 0 0 0 0 0 
C45
0 0 0 0 0 0 0 0 0 0 0 0 0 0 0 0 0 1 0 0 0 0 0 0 
C46
0 0 0 0 1 0 0 0 0 0 0 0 0 0 0 0 0 0 0 0 0 0 0 0 
C47
0 0 0 0 0 0 0 0 0 0 0 0 0 0 0 1 0 0 0 0 0 0 1 0 
C48
0 0 0 0 0 0 0 0 0 0 0 0 0 0 0 0 0 0 1 0 0 0 0 0 
C49
0 0 1 0 0 0 0 1 0 0 0 0 0 0 0 0 0 0 0 0 0 0 0 0 
C50
0 0 0 0 0 0 0 0 0 0 0 0 0 0 0 0 0 0 0 0 0 0 0 0 
;

param pevEnergyWishDep
:
1 2 3 4 5 6 7 8 9 10 11 12 13 14 15 16 17 18 19 20 21 22 23 24 
:=
C1
0 0 0 0 0 67 0 39 0 0 0 0 0 0 0 0 0 0 0 0 0 0 0 0 
C2
0 0 0 0 0 0 0 0 0 0 0 0 0 0 0 0 0 0 0 0 0 0 0 0 
C3
0 0 0 0 0 100 0 0 0 0 100 0 0 0 0 0 0 0 0 0 0 0 0 0 
C4
0 0 0 0 0 0 0 0 0 95 0 0 0 0 0 0 0 0 0 0 0 0 0 0 
C5
0 0 0 0 0 0 0 0 0 0 0 0 0 0 0 0 0 0 0 0 0 0 0 0 
C6
0 0 83 0 0 0 0 100 0 0 0 0 0 0 100 0 0 0 0 0 91 0 0 0 
C7
0 0 0 0 0 0 0 0 0 0 0 0 0 0 0 0 0 0 0 0 0 0 97 0 
C8
0 0 54 0 0 0 0 0 0 0 0 100 0 0 0 0 0 0 100 0 0 0 0 0 
C9
0 0 0 0 0 0 0 0 0 0 0 0 0 0 0 0 0 85 0 0 0 0 0 0 
C10
0 0 0 0 0 100 0 0 0 0 0 0 0 0 0 0 0 0 0 0 0 0 0 0 
C11
0 0 0 0 0 0 0 0 0 0 0 0 0 0 73 0 0 0 0 0 0 0 0 0 
C12
0 0 0 0 0 0 0 0 0 0 0 0 0 89 0 0 0 0 0 0 0 0 0 0 
C13
0 0 0 0 0 0 0 0 0 0 0 0 0 99 0 0 0 0 89 0 0 0 0 0 
C14
0 0 0 0 0 0 0 85 0 0 100 0 0 0 0 0 0 0 0 0 0 0 0 0 
C15
0 0 0 0 0 0 0 0 0 0 0 0 0 0 0 0 66 0 0 0 0 0 0 0 
C16
0 0 0 0 0 0 0 0 0 0 0 0 0 0 0 0 0 0 0 0 0 0 0 0 
C17
0 0 0 0 0 0 0 0 0 0 0 0 0 0 0 0 0 60 0 0 0 0 0 0 
C18
0 0 0 0 0 100 0 0 0 100 0 0 0 0 0 0 0 0 0 0 0 0 0 0 
C19
0 0 0 0 55 0 0 0 0 0 0 0 0 0 0 0 0 0 0 0 0 0 0 0 
C20
0 0 0 0 0 51 0 87 0 0 0 0 59 0 0 0 0 0 0 0 0 0 0 0 
C21
0 0 0 0 0 0 0 0 0 0 0 0 0 0 0 0 0 0 0 0 0 0 0 0 
C22
0 0 0 0 0 0 0 0 0 0 0 0 0 0 0 0 0 0 0 0 0 0 0 0 
C23
0 0 0 0 0 0 0 0 0 0 0 0 74 0 0 0 0 0 0 0 0 0 0 0 
C24
0 0 0 0 0 0 0 0 0 0 0 0 0 100 0 0 0 0 0 0 0 0 0 0 
C25
0 0 0 0 0 0 0 0 0 0 0 0 0 0 0 0 0 0 0 0 0 0 0 0 
C26
0 0 0 0 0 100 0 0 0 0 0 21 0 68 0 0 0 0 0 93 0 0 0 0 
C27
0 0 0 0 0 60 0 0 0 0 0 0 0 0 0 0 0 0 100 0 0 0 0 0 
C28
0 0 0 0 78 0 0 0 0 0 0 0 0 0 0 0 0 0 0 0 0 0 100 0 
C29
0 0 0 0 0 0 0 0 0 0 0 0 0 0 0 0 0 0 0 0 0 0 0 0 
C30
0 0 0 0 0 0 0 0 0 0 0 0 0 0 0 100 0 0 0 0 0 0 0 0 
C31
0 0 0 0 0 0 0 0 0 0 0 0 0 0 0 90 0 0 0 0 0 0 0 0 
C32
0 0 60 0 0 0 0 0 0 0 0 0 0 0 0 0 0 0 0 0 0 0 0 0 
C33
0 0 0 0 0 0 0 0 0 0 0 0 0 0 0 0 0 0 0 0 0 0 0 0 
C34
0 0 0 0 0 0 0 100 0 0 0 0 0 0 0 0 0 0 0 38 0 0 0 0 
C35
0 0 0 0 0 0 0 0 0 0 0 0 0 0 0 0 0 0 0 0 0 0 0 0 
C36
0 0 0 0 0 0 0 0 0 0 53 0 0 0 0 0 0 0 0 0 96 0 0 0 
C37
0 0 0 0 0 0 0 0 100 0 0 0 0 0 0 0 0 0 0 0 0 0 0 0 
C38
0 0 0 0 0 0 0 0 0 0 0 0 0 95 0 0 0 0 0 0 0 0 0 0 
C39
0 0 0 0 0 0 0 0 0 0 0 0 0 0 0 0 0 0 0 0 0 0 0 0 
C40
0 0 100 0 0 100 0 0 0 0 0 0 0 100 0 73 0 0 0 0 0 0 0 0 
C41
0 0 0 0 0 0 0 59 0 0 0 0 0 0 0 0 0 0 0 0 0 92 0 0 
C42
0 0 0 0 0 96 0 0 0 0 84 0 0 0 0 0 0 0 0 73 0 0 0 0 
C43
0 0 0 83 0 0 0 0 0 93 0 0 0 0 0 0 0 0 0 0 0 0 0 0 
C44
0 0 0 0 0 0 0 0 0 0 0 0 0 0 0 0 0 0 0 0 0 0 0 0 
C45
0 0 0 0 0 0 0 0 0 0 0 0 0 0 0 0 0 80 0 0 0 0 0 0 
C46
0 0 0 0 64 0 0 0 0 0 0 0 0 0 0 0 0 0 0 0 0 0 0 0 
C47
0 0 0 0 0 0 0 0 0 0 0 0 0 0 0 100 0 0 0 0 0 0 56 0 
C48
0 0 0 0 0 0 0 0 0 0 0 0 0 0 0 0 0 0 100 0 0 0 0 0 
C49
0 0 87 0 0 0 0 100 0 0 0 0 0 0 0 0 0 0 0 0 0 0 0 0 
C50
0 0 0 0 0 0 0 0 0 0 0 0 0 0 0 0 0 0 0 0 0 0 0 0 
;

param: pevMinDoD:=

C1 2
C2 5
C3 2
C4 2
C5 2
C6 5
C7 2
C8 5
C9 5
C10 5
C11 2
C12 2
C13 2
C14 2
C15 2
C16 2
C17 2
C18 2
C19 2
C20 5
C21 2
C22 2
C23 5
C24 2
C25 2
C26 5
C27 5
C28 2
C29 2
C30 2
C31 2
C32 2
C33 2
C34 5
C35 2
C36 2
C37 5
C38 5
C39 2
C40 5
C41 2
C42 2
C43 2
C44 5
C45 2
C46 2
C47 5
C48 2
C49 2
C50 5
;

param: pevPower:=

C1 70
C2 20
C3 30
C4 20
C5 60
C6 60
C7 30
C8 70
C9 30
C10 20
C11 30
C12 20
C13 20
C14 70
C15 30
C16 70
C17 60
C18 30
C19 60
C20 30
C21 30
C22 60
C23 70
C24 30
C25 30
C26 30
C27 70
C28 30
C29 20
C30 60
C31 30
C32 20
C33 60
C34 60
C35 20
C36 60
C37 30
C38 60
C39 70
C40 20
C41 60
C42 70
C43 60
C44 30
C45 20
C46 60
C47 30
C48 30
C49 60
C50 70
;

set C:=
1 2 3 4 5 6 7 8 9 10 11 12 13 14 15 16 17 18 19 20 21 22 23 24 25 26 27 28 29 30 31 32 33 34 35 36 37 38 39 40 41 42 43 44 45 46 47 48 49 50 51 52 53 54 55 56 57 58 59 60 61 62 63 64 65 66 67 68 69 70 71 72 73 74 75 76 77 78 79 80 81 82 83 84 85 86 87 88 89 90 91 92 93 94 95 96 97 98 99 100 
;
param pevDischargePrice
:
1 2 3 4 5 6 7 8 9 10 11 12 13 14 15 16 17 18 19 20 21 22 23 24 25 26 27 28 29 30 31 32 33 34 35 36 37 38 39 40 41 42 43 44 45 46 47 48 49 50 51 52 53 54 55 56 57 58 59 60 61 62 63 64 65 66 67 68 69 70 71 72 73 74 75 76 77 78 79 80 81 82 83 84 85 86 87 88 89 90 91 92 93 94 95 96 97 98 99 100 
:=
C1
1 2 4 6 8 11 13 16 18 20 22 24 27 29 30 32 36 40 46 53 62 70 77 83 88 91 95 98 102 106 109 113 118 124 130 138 144 150 155 160 164 168 172 176 180 184 189 195 203 211 220 229 236 242 248 252 257 261 266 270 275 279 284 288 293 297 302 306 311 315 320 324 329 333 338 342 365 405 464 541 637 716 778 822 850 860 870 880 890 900 910 920 930 940 950 960 970 980 990 1000 
C2
104 107 112 118 124 130 137 143 149 155 161 166 172 177 183 188 194 201 208 215 223 230 238 244 250 256 262 268 274 280 286 293 300 309 318 328 337 346 353 361 367 374 380 386 393 399 407 416 425 436 448 459 469 478 486 493 500 506 513 520 527 534 541 548 555 562 569 576 583 590 597 604 611 618 625 632 643 656 673 693 717 737 755 769 780 789 797 805 813 821 829 837 845 853 861 869 877 884 892 900 
C3
1 2 4 6 8 11 13 16 18 20 22 24 27 29 30 32 36 40 46 53 62 70 77 83 88 91 95 98 102 106 109 113 118 124 130 138 144 150 155 160 164 168 172 176 180 184 189 195 203 211 220 229 236 242 248 252 257 261 266 270 275 279 284 288 293 297 302 306 311 315 320 324 329 333 338 342 361 395 444 508 587 652 704 742 766 775 784 793 802 811 820 829 838 847 856 865 874 882 891 900 
C4
104 107 112 118 124 130 137 143 149 155 161 166 172 177 183 188 194 201 208 215 223 230 238 244 250 256 262 268 274 280 286 293 300 309 318 328 337 346 353 361 367 374 380 386 393 399 407 416 425 436 448 459 469 478 486 493 500 506 513 520 527 534 541 548 555 562 569 576 583 590 597 604 611 618 625 632 643 656 673 693 717 737 755 769 780 789 797 805 813 821 829 837 845 853 861 869 877 884 892 900 
C5
2 4 7 10 13 17 20 24 27 30 33 36 39 42 45 49 53 57 63 70 77 84 90 96 100 104 108 112 116 120 124 130 137 145 155 167 177 186 194 200 205 210 215 220 225 230 239 253 270 292 318 341 359 374 386 393 400 407 414 421 428 435 442 449 456 463 470 477 484 491 498 505 511 518 525 532 555 595 651 724 814 889 948 992 1020 1032 1044 1056 1068 1080 1092 1104 1116 1128 1140 1152 1164 1176 1188 1200 
C6
2 4 7 10 13 17 20 24 27 30 33 36 39 42 45 49 53 57 63 70 77 84 90 96 100 104 108 112 116 120 124 130 137 145 155 167 177 186 194 200 205 210 215 220 225 230 239 253 270 292 318 341 359 374 386 393 400 407 414 421 428 435 442 449 456 463 470 477 484 491 498 505 511 518 525 532 555 595 651 724 814 889 948 992 1020 1032 1044 1056 1068 1080 1092 1104 1116 1128 1140 1152 1164 1176 1188 1200 
C7
1 2 4 6 8 11 13 16 18 20 22 24 27 29 30 32 36 40 46 53 62 70 77 83 88 91 95 98 102 106 109 113 118 124 130 138 144 150 155 160 164 168 172 176 180 184 189 195 203 211 220 229 236 242 248 252 257 261 266 270 275 279 284 288 293 297 302 306 311 315 320 324 329 333 338 342 361 395 444 508 587 652 704 742 766 775 784 793 802 811 820 829 838 847 856 865 874 882 891 900 
C8
1 2 4 6 8 11 13 16 18 20 22 24 27 29 30 32 36 40 46 53 62 70 77 83 88 91 95 98 102 106 109 113 118 124 130 138 144 150 155 160 164 168 172 176 180 184 189 195 203 211 220 229 236 242 248 252 257 261 266 270 275 279 284 288 293 297 302 306 311 315 320 324 329 333 338 342 365 405 464 541 637 716 778 822 850 860 870 880 890 900 910 920 930 940 950 960 970 980 990 1000 
C9
1 2 4 6 8 11 13 16 18 20 22 24 27 29 30 32 36 40 46 53 62 70 77 83 88 91 95 98 102 106 109 113 118 124 130 138 144 150 155 160 164 168 172 176 180 184 189 195 203 211 220 229 236 242 248 252 257 261 266 270 275 279 284 288 293 297 302 306 311 315 320 324 329 333 338 342 361 395 444 508 587 652 704 742 766 775 784 793 802 811 820 829 838 847 856 865 874 882 891 900 
C10
104 107 112 118 124 130 137 143 149 155 161 166 172 177 183 188 194 201 208 215 223 230 238 244 250 256 262 268 274 280 286 293 300 309 318 328 337 346 353 361 367 374 380 386 393 399 407 416 425 436 448 459 469 478 486 493 500 506 513 520 527 534 541 548 555 562 569 576 583 590 597 604 611 618 625 632 643 656 673 693 717 737 755 769 780 789 797 805 813 821 829 837 845 853 861 869 877 884 892 900 
C11
1 2 4 6 8 11 13 16 18 20 22 24 27 29 30 32 36 40 46 53 62 70 77 83 88 91 95 98 102 106 109 113 118 124 130 138 144 150 155 160 164 168 172 176 180 184 189 195 203 211 220 229 236 242 248 252 257 261 266 270 275 279 284 288 293 297 302 306 311 315 320 324 329 333 338 342 361 395 444 508 587 652 704 742 766 775 784 793 802 811 820 829 838 847 856 865 874 882 891 900 
C12
104 107 112 118 124 130 137 143 149 155 161 166 172 177 183 188 194 201 208 215 223 230 238 244 250 256 262 268 274 280 286 293 300 309 318 328 337 346 353 361 367 374 380 386 393 399 407 416 425 436 448 459 469 478 486 493 500 506 513 520 527 534 541 548 555 562 569 576 583 590 597 604 611 618 625 632 643 656 673 693 717 737 755 769 780 789 797 805 813 821 829 837 845 853 861 869 877 884 892 900 
C13
104 107 112 118 124 130 137 143 149 155 161 166 172 177 183 188 194 201 208 215 223 230 238 244 250 256 262 268 274 280 286 293 300 309 318 328 337 346 353 361 367 374 380 386 393 399 407 416 425 436 448 459 469 478 486 493 500 506 513 520 527 534 541 548 555 562 569 576 583 590 597 604 611 618 625 632 643 656 673 693 717 737 755 769 780 789 797 805 813 821 829 837 845 853 861 869 877 884 892 900 
C14
1 2 4 6 8 11 13 16 18 20 22 24 27 29 30 32 36 40 46 53 62 70 77 83 88 91 95 98 102 106 109 113 118 124 130 138 144 150 155 160 164 168 172 176 180 184 189 195 203 211 220 229 236 242 248 252 257 261 266 270 275 279 284 288 293 297 302 306 311 315 320 324 329 333 338 342 365 405 464 541 637 716 778 822 850 860 870 880 890 900 910 920 930 940 950 960 970 980 990 1000 
C15
1 2 4 6 8 11 13 16 18 20 22 24 27 29 30 32 36 40 46 53 62 70 77 83 88 91 95 98 102 106 109 113 118 124 130 138 144 150 155 160 164 168 172 176 180 184 189 195 203 211 220 229 236 242 248 252 257 261 266 270 275 279 284 288 293 297 302 306 311 315 320 324 329 333 338 342 361 395 444 508 587 652 704 742 766 775 784 793 802 811 820 829 838 847 856 865 874 882 891 900 
C16
1 2 4 6 8 11 13 16 18 20 22 24 27 29 30 32 36 40 46 53 62 70 77 83 88 91 95 98 102 106 109 113 118 124 130 138 144 150 155 160 164 168 172 176 180 184 189 195 203 211 220 229 236 242 248 252 257 261 266 270 275 279 284 288 293 297 302 306 311 315 320 324 329 333 338 342 365 405 464 541 637 716 778 822 850 860 870 880 890 900 910 920 930 940 950 960 970 980 990 1000 
C17
2 4 7 10 13 17 20 24 27 30 33 36 39 42 45 49 53 57 63 70 77 84 90 96 100 104 108 112 116 120 124 130 137 145 155 167 177 186 194 200 205 210 215 220 225 230 239 253 270 292 318 341 359 374 386 393 400 407 414 421 428 435 442 449 456 463 470 477 484 491 498 505 511 518 525 532 555 595 651 724 814 889 948 992 1020 1032 1044 1056 1068 1080 1092 1104 1116 1128 1140 1152 1164 1176 1188 1200 
C18
1 2 4 6 8 11 13 16 18 20 22 24 27 29 30 32 36 40 46 53 62 70 77 83 88 91 95 98 102 106 109 113 118 124 130 138 144 150 155 160 164 168 172 176 180 184 189 195 203 211 220 229 236 242 248 252 257 261 266 270 275 279 284 288 293 297 302 306 311 315 320 324 329 333 338 342 361 395 444 508 587 652 704 742 766 775 784 793 802 811 820 829 838 847 856 865 874 882 891 900 
C19
2 4 7 10 13 17 20 24 27 30 33 36 39 42 45 49 53 57 63 70 77 84 90 96 100 104 108 112 116 120 124 130 137 145 155 167 177 186 194 200 205 210 215 220 225 230 239 253 270 292 318 341 359 374 386 393 400 407 414 421 428 435 442 449 456 463 470 477 484 491 498 505 511 518 525 532 555 595 651 724 814 889 948 992 1020 1032 1044 1056 1068 1080 1092 1104 1116 1128 1140 1152 1164 1176 1188 1200 
C20
1 2 4 6 8 11 13 16 18 20 22 24 27 29 30 32 36 40 46 53 62 70 77 83 88 91 95 98 102 106 109 113 118 124 130 138 144 150 155 160 164 168 172 176 180 184 189 195 203 211 220 229 236 242 248 252 257 261 266 270 275 279 284 288 293 297 302 306 311 315 320 324 329 333 338 342 361 395 444 508 587 652 704 742 766 775 784 793 802 811 820 829 838 847 856 865 874 882 891 900 
C21
1 2 4 6 8 11 13 16 18 20 22 24 27 29 30 32 36 40 46 53 62 70 77 83 88 91 95 98 102 106 109 113 118 124 130 138 144 150 155 160 164 168 172 176 180 184 189 195 203 211 220 229 236 242 248 252 257 261 266 270 275 279 284 288 293 297 302 306 311 315 320 324 329 333 338 342 361 395 444 508 587 652 704 742 766 775 784 793 802 811 820 829 838 847 856 865 874 882 891 900 
C22
2 4 7 10 13 17 20 24 27 30 33 36 39 42 45 49 53 57 63 70 77 84 90 96 100 104 108 112 116 120 124 130 137 145 155 167 177 186 194 200 205 210 215 220 225 230 239 253 270 292 318 341 359 374 386 393 400 407 414 421 428 435 442 449 456 463 470 477 484 491 498 505 511 518 525 532 555 595 651 724 814 889 948 992 1020 1032 1044 1056 1068 1080 1092 1104 1116 1128 1140 1152 1164 1176 1188 1200 
C23
1 2 4 6 8 11 13 16 18 20 22 24 27 29 30 32 36 40 46 53 62 70 77 83 88 91 95 98 102 106 109 113 118 124 130 138 144 150 155 160 164 168 172 176 180 184 189 195 203 211 220 229 236 242 248 252 257 261 266 270 275 279 284 288 293 297 302 306 311 315 320 324 329 333 338 342 365 405 464 541 637 716 778 822 850 860 870 880 890 900 910 920 930 940 950 960 970 980 990 1000 
C24
1 2 4 6 8 11 13 16 18 20 22 24 27 29 30 32 36 40 46 53 62 70 77 83 88 91 95 98 102 106 109 113 118 124 130 138 144 150 155 160 164 168 172 176 180 184 189 195 203 211 220 229 236 242 248 252 257 261 266 270 275 279 284 288 293 297 302 306 311 315 320 324 329 333 338 342 361 395 444 508 587 652 704 742 766 775 784 793 802 811 820 829 838 847 856 865 874 882 891 900 
C25
1 2 4 6 8 11 13 16 18 20 22 24 27 29 30 32 36 40 46 53 62 70 77 83 88 91 95 98 102 106 109 113 118 124 130 138 144 150 155 160 164 168 172 176 180 184 189 195 203 211 220 229 236 242 248 252 257 261 266 270 275 279 284 288 293 297 302 306 311 315 320 324 329 333 338 342 361 395 444 508 587 652 704 742 766 775 784 793 802 811 820 829 838 847 856 865 874 882 891 900 
C26
1 2 4 6 8 11 13 16 18 20 22 24 27 29 30 32 36 40 46 53 62 70 77 83 88 91 95 98 102 106 109 113 118 124 130 138 144 150 155 160 164 168 172 176 180 184 189 195 203 211 220 229 236 242 248 252 257 261 266 270 275 279 284 288 293 297 302 306 311 315 320 324 329 333 338 342 361 395 444 508 587 652 704 742 766 775 784 793 802 811 820 829 838 847 856 865 874 882 891 900 
C27
1 2 4 6 8 11 13 16 18 20 22 24 27 29 30 32 36 40 46 53 62 70 77 83 88 91 95 98 102 106 109 113 118 124 130 138 144 150 155 160 164 168 172 176 180 184 189 195 203 211 220 229 236 242 248 252 257 261 266 270 275 279 284 288 293 297 302 306 311 315 320 324 329 333 338 342 365 405 464 541 637 716 778 822 850 860 870 880 890 900 910 920 930 940 950 960 970 980 990 1000 
C28
1 2 4 6 8 11 13 16 18 20 22 24 27 29 30 32 36 40 46 53 62 70 77 83 88 91 95 98 102 106 109 113 118 124 130 138 144 150 155 160 164 168 172 176 180 184 189 195 203 211 220 229 236 242 248 252 257 261 266 270 275 279 284 288 293 297 302 306 311 315 320 324 329 333 338 342 361 395 444 508 587 652 704 742 766 775 784 793 802 811 820 829 838 847 856 865 874 882 891 900 
C29
104 107 112 118 124 130 137 143 149 155 161 166 172 177 183 188 194 201 208 215 223 230 238 244 250 256 262 268 274 280 286 293 300 309 318 328 337 346 353 361 367 374 380 386 393 399 407 416 425 436 448 459 469 478 486 493 500 506 513 520 527 534 541 548 555 562 569 576 583 590 597 604 611 618 625 632 643 656 673 693 717 737 755 769 780 789 797 805 813 821 829 837 845 853 861 869 877 884 892 900 
C30
2 4 7 10 13 17 20 24 27 30 33 36 39 42 45 49 53 57 63 70 77 84 90 96 100 104 108 112 116 120 124 130 137 145 155 167 177 186 194 200 205 210 215 220 225 230 239 253 270 292 318 341 359 374 386 393 400 407 414 421 428 435 442 449 456 463 470 477 484 491 498 505 511 518 525 532 555 595 651 724 814 889 948 992 1020 1032 1044 1056 1068 1080 1092 1104 1116 1128 1140 1152 1164 1176 1188 1200 
C31
1 2 4 6 8 11 13 16 18 20 22 24 27 29 30 32 36 40 46 53 62 70 77 83 88 91 95 98 102 106 109 113 118 124 130 138 144 150 155 160 164 168 172 176 180 184 189 195 203 211 220 229 236 242 248 252 257 261 266 270 275 279 284 288 293 297 302 306 311 315 320 324 329 333 338 342 361 395 444 508 587 652 704 742 766 775 784 793 802 811 820 829 838 847 856 865 874 882 891 900 
C32
104 107 112 118 124 130 137 143 149 155 161 166 172 177 183 188 194 201 208 215 223 230 238 244 250 256 262 268 274 280 286 293 300 309 318 328 337 346 353 361 367 374 380 386 393 399 407 416 425 436 448 459 469 478 486 493 500 506 513 520 527 534 541 548 555 562 569 576 583 590 597 604 611 618 625 632 643 656 673 693 717 737 755 769 780 789 797 805 813 821 829 837 845 853 861 869 877 884 892 900 
C33
2 4 7 10 13 17 20 24 27 30 33 36 39 42 45 49 53 57 63 70 77 84 90 96 100 104 108 112 116 120 124 130 137 145 155 167 177 186 194 200 205 210 215 220 225 230 239 253 270 292 318 341 359 374 386 393 400 407 414 421 428 435 442 449 456 463 470 477 484 491 498 505 511 518 525 532 555 595 651 724 814 889 948 992 1020 1032 1044 1056 1068 1080 1092 1104 1116 1128 1140 1152 1164 1176 1188 1200 
C34
2 4 7 10 13 17 20 24 27 30 33 36 39 42 45 49 53 57 63 70 77 84 90 96 100 104 108 112 116 120 124 130 137 145 155 167 177 186 194 200 205 210 215 220 225 230 239 253 270 292 318 341 359 374 386 393 400 407 414 421 428 435 442 449 456 463 470 477 484 491 498 505 511 518 525 532 555 595 651 724 814 889 948 992 1020 1032 1044 1056 1068 1080 1092 1104 1116 1128 1140 1152 1164 1176 1188 1200 
C35
104 107 112 118 124 130 137 143 149 155 161 166 172 177 183 188 194 201 208 215 223 230 238 244 250 256 262 268 274 280 286 293 300 309 318 328 337 346 353 361 367 374 380 386 393 399 407 416 425 436 448 459 469 478 486 493 500 506 513 520 527 534 541 548 555 562 569 576 583 590 597 604 611 618 625 632 643 656 673 693 717 737 755 769 780 789 797 805 813 821 829 837 845 853 861 869 877 884 892 900 
C36
2 4 7 10 13 17 20 24 27 30 33 36 39 42 45 49 53 57 63 70 77 84 90 96 100 104 108 112 116 120 124 130 137 145 155 167 177 186 194 200 205 210 215 220 225 230 239 253 270 292 318 341 359 374 386 393 400 407 414 421 428 435 442 449 456 463 470 477 484 491 498 505 511 518 525 532 555 595 651 724 814 889 948 992 1020 1032 1044 1056 1068 1080 1092 1104 1116 1128 1140 1152 1164 1176 1188 1200 
C37
1 2 4 6 8 11 13 16 18 20 22 24 27 29 30 32 36 40 46 53 62 70 77 83 88 91 95 98 102 106 109 113 118 124 130 138 144 150 155 160 164 168 172 176 180 184 189 195 203 211 220 229 236 242 248 252 257 261 266 270 275 279 284 288 293 297 302 306 311 315 320 324 329 333 338 342 361 395 444 508 587 652 704 742 766 775 784 793 802 811 820 829 838 847 856 865 874 882 891 900 
C38
2 4 7 10 13 17 20 24 27 30 33 36 39 42 45 49 53 57 63 70 77 84 90 96 100 104 108 112 116 120 124 130 137 145 155 167 177 186 194 200 205 210 215 220 225 230 239 253 270 292 318 341 359 374 386 393 400 407 414 421 428 435 442 449 456 463 470 477 484 491 498 505 511 518 525 532 555 595 651 724 814 889 948 992 1020 1032 1044 1056 1068 1080 1092 1104 1116 1128 1140 1152 1164 1176 1188 1200 
C39
1 2 4 6 8 11 13 16 18 20 22 24 27 29 30 32 36 40 46 53 62 70 77 83 88 91 95 98 102 106 109 113 118 124 130 138 144 150 155 160 164 168 172 176 180 184 189 195 203 211 220 229 236 242 248 252 257 261 266 270 275 279 284 288 293 297 302 306 311 315 320 324 329 333 338 342 365 405 464 541 637 716 778 822 850 860 870 880 890 900 910 920 930 940 950 960 970 980 990 1000 
C40
104 107 112 118 124 130 137 143 149 155 161 166 172 177 183 188 194 201 208 215 223 230 238 244 250 256 262 268 274 280 286 293 300 309 318 328 337 346 353 361 367 374 380 386 393 399 407 416 425 436 448 459 469 478 486 493 500 506 513 520 527 534 541 548 555 562 569 576 583 590 597 604 611 618 625 632 643 656 673 693 717 737 755 769 780 789 797 805 813 821 829 837 845 853 861 869 877 884 892 900 
C41
2 4 7 10 13 17 20 24 27 30 33 36 39 42 45 49 53 57 63 70 77 84 90 96 100 104 108 112 116 120 124 130 137 145 155 167 177 186 194 200 205 210 215 220 225 230 239 253 270 292 318 341 359 374 386 393 400 407 414 421 428 435 442 449 456 463 470 477 484 491 498 505 511 518 525 532 555 595 651 724 814 889 948 992 1020 1032 1044 1056 1068 1080 1092 1104 1116 1128 1140 1152 1164 1176 1188 1200 
C42
1 2 4 6 8 11 13 16 18 20 22 24 27 29 30 32 36 40 46 53 62 70 77 83 88 91 95 98 102 106 109 113 118 124 130 138 144 150 155 160 164 168 172 176 180 184 189 195 203 211 220 229 236 242 248 252 257 261 266 270 275 279 284 288 293 297 302 306 311 315 320 324 329 333 338 342 365 405 464 541 637 716 778 822 850 860 870 880 890 900 910 920 930 940 950 960 970 980 990 1000 
C43
2 4 7 10 13 17 20 24 27 30 33 36 39 42 45 49 53 57 63 70 77 84 90 96 100 104 108 112 116 120 124 130 137 145 155 167 177 186 194 200 205 210 215 220 225 230 239 253 270 292 318 341 359 374 386 393 400 407 414 421 428 435 442 449 456 463 470 477 484 491 498 505 511 518 525 532 555 595 651 724 814 889 948 992 1020 1032 1044 1056 1068 1080 1092 1104 1116 1128 1140 1152 1164 1176 1188 1200 
C44
1 2 4 6 8 11 13 16 18 20 22 24 27 29 30 32 36 40 46 53 62 70 77 83 88 91 95 98 102 106 109 113 118 124 130 138 144 150 155 160 164 168 172 176 180 184 189 195 203 211 220 229 236 242 248 252 257 261 266 270 275 279 284 288 293 297 302 306 311 315 320 324 329 333 338 342 361 395 444 508 587 652 704 742 766 775 784 793 802 811 820 829 838 847 856 865 874 882 891 900 
C45
104 107 112 118 124 130 137 143 149 155 161 166 172 177 183 188 194 201 208 215 223 230 238 244 250 256 262 268 274 280 286 293 300 309 318 328 337 346 353 361 367 374 380 386 393 399 407 416 425 436 448 459 469 478 486 493 500 506 513 520 527 534 541 548 555 562 569 576 583 590 597 604 611 618 625 632 643 656 673 693 717 737 755 769 780 789 797 805 813 821 829 837 845 853 861 869 877 884 892 900 
C46
2 4 7 10 13 17 20 24 27 30 33 36 39 42 45 49 53 57 63 70 77 84 90 96 100 104 108 112 116 120 124 130 137 145 155 167 177 186 194 200 205 210 215 220 225 230 239 253 270 292 318 341 359 374 386 393 400 407 414 421 428 435 442 449 456 463 470 477 484 491 498 505 511 518 525 532 555 595 651 724 814 889 948 992 1020 1032 1044 1056 1068 1080 1092 1104 1116 1128 1140 1152 1164 1176 1188 1200 
C47
1 2 4 6 8 11 13 16 18 20 22 24 27 29 30 32 36 40 46 53 62 70 77 83 88 91 95 98 102 106 109 113 118 124 130 138 144 150 155 160 164 168 172 176 180 184 189 195 203 211 220 229 236 242 248 252 257 261 266 270 275 279 284 288 293 297 302 306 311 315 320 324 329 333 338 342 361 395 444 508 587 652 704 742 766 775 784 793 802 811 820 829 838 847 856 865 874 882 891 900 
C48
1 2 4 6 8 11 13 16 18 20 22 24 27 29 30 32 36 40 46 53 62 70 77 83 88 91 95 98 102 106 109 113 118 124 130 138 144 150 155 160 164 168 172 176 180 184 189 195 203 211 220 229 236 242 248 252 257 261 266 270 275 279 284 288 293 297 302 306 311 315 320 324 329 333 338 342 361 395 444 508 587 652 704 742 766 775 784 793 802 811 820 829 838 847 856 865 874 882 891 900 
C49
2 4 7 10 13 17 20 24 27 30 33 36 39 42 45 49 53 57 63 70 77 84 90 96 100 104 108 112 116 120 124 130 137 145 155 167 177 186 194 200 205 210 215 220 225 230 239 253 270 292 318 341 359 374 386 393 400 407 414 421 428 435 442 449 456 463 470 477 484 491 498 505 511 518 525 532 555 595 651 724 814 889 948 992 1020 1032 1044 1056 1068 1080 1092 1104 1116 1128 1140 1152 1164 1176 1188 1200 
C50
1 2 4 6 8 11 13 16 18 20 22 24 27 29 30 32 36 40 46 53 62 70 77 83 88 91 95 98 102 106 109 113 118 124 130 138 144 150 155 160 164 168 172 176 180 184 189 195 203 211 220 229 236 242 248 252 257 261 266 270 275 279 284 288 293 297 302 306 311 315 320 324 329 333 338 342 365 405 464 541 637 716 778 822 850 860 870 880 890 900 910 920 930 940 950 960 970 980 990 1000 
;
param pevDischargeRate
:
1 2 3 4 5 6 7 8 9 10 11 12 13 14 15 16 17 18 19 20 21 22 23 24 25 26 27 28 29 30 31 32 33 34 35 36 37 38 39 40 41 42 43 44 45 46 47 48 49 50 51 52 53 54 55 56 57 58 59 60 61 62 63 64 65 66 67 68 69 70 71 72 73 74 75 76 77 78 79 80 81 82 83 84 85 86 87 88 89 90 91 92 93 94 95 96 97 98 99 100 
:=
C1
1 2 2 3 4 5 5 6 7 8 8 9 10 10 11 12 13 13 14 15 16 16 17 18 18 19 20 21 21 22 23 24 24 25 26 26 27 28 29 29 30 31 32 32 33 34 34 35 36 37 37 38 39 40 40 41 42 42 43 44 45 45 46 47 48 48 49 50 50 51 52 53 53 54 55 56 56 57 58 58 59 60 61 61 62 63 64 64 65 66 66 67 68 69 69 70 71 72 72 73 
C2
1 2 3 4 5 6 6 7 8 9 10 11 12 13 14 15 16 16 17 18 19 20 21 22 23 24 25 26 26 27 28 29 30 31 32 33 34 35 36 36 37 38 39 40 41 42 43 44 45 46 46 47 48 49 50 51 52 53 54 55 56 56 57 58 59 60 61 62 63 64 65 66 66 67 68 69 70 71 72 73 74 75 76 76 77 78 79 80 81 82 83 84 85 86 86 87 88 89 90 91 
C3
1 2 3 4 5 6 7 8 9 10 11 12 13 14 15 16 17 17 18 19 20 21 22 23 24 25 26 27 28 29 30 31 32 33 34 35 36 37 38 39 40 41 42 43 44 45 46 47 48 49 49 50 51 52 53 54 55 56 57 58 59 60 61 62 63 64 65 66 67 68 69 70 71 72 73 74 75 76 77 78 79 80 81 81 82 83 84 85 86 87 88 89 90 91 92 93 94 95 96 97 
C4
1 2 3 4 5 6 7 8 9 10 11 12 13 14 15 16 17 17 18 19 20 21 22 23 24 25 26 27 28 29 30 31 32 33 34 35 36 37 38 39 40 41 42 43 44 45 46 47 48 49 49 50 51 52 53 54 55 56 57 58 59 60 61 62 63 64 65 66 67 68 69 70 71 72 73 74 75 76 77 78 79 80 81 81 82 83 84 85 86 87 88 89 90 91 92 93 94 95 96 97 
C5
1 2 2 3 4 4 5 6 6 7 8 8 9 10 10 11 12 12 13 14 14 15 16 16 17 18 18 19 20 20 21 22 22 23 24 24 25 26 26 27 28 28 29 30 30 31 32 32 33 34 34 35 36 36 37 38 38 39 40 40 41 42 42 43 44 44 45 46 46 47 48 48 49 50 50 51 52 52 53 54 54 55 56 56 57 58 58 59 60 60 61 62 62 63 64 64 65 66 66 67 
C6
1 2 2 3 3 4 5 5 6 6 7 8 8 9 9 10 11 11 12 12 13 14 14 15 15 16 16 17 18 18 19 19 20 21 21 22 22 23 24 24 25 25 26 27 27 28 28 29 30 30 31 31 32 33 33 34 34 35 36 36 37 37 38 39 39 40 40 41 42 42 43 43 44 45 45 46 46 47 47 48 49 49 50 50 51 52 52 53 53 54 55 55 56 56 57 58 58 59 59 60 
C7
1 2 3 4 5 6 7 8 9 10 11 12 13 14 15 16 17 18 19 20 21 22 23 24 25 25 26 27 28 29 30 31 32 33 34 35 36 37 38 39 40 41 42 43 44 45 46 47 48 49 50 51 52 53 54 55 56 57 58 59 60 61 62 63 64 65 66 67 68 69 70 71 72 73 74 74 75 76 77 78 79 80 81 82 83 84 85 86 87 88 89 90 91 92 93 94 95 96 97 98 
C8
1 2 2 3 4 4 5 6 6 7 7 8 9 9 10 11 11 12 13 13 14 15 15 16 17 17 18 18 19 20 20 21 22 22 23 24 24 25 26 26 27 28 28 29 29 30 31 31 32 33 33 34 35 35 36 37 37 38 38 39 40 40 41 42 42 43 44 44 45 46 46 47 48 48 49 49 50 51 51 52 53 53 54 55 55 56 57 57 58 59 59 60 60 61 62 62 63 64 64 65 
C9
1 2 3 3 4 5 6 6 7 8 9 10 10 11 12 13 13 14 15 16 17 17 18 19 20 20 21 22 23 24 24 25 26 27 27 28 29 30 31 31 32 33 34 34 35 36 37 38 38 39 40 41 41 42 43 44 45 45 46 47 48 48 49 50 51 52 52 53 54 55 55 56 57 58 59 59 60 61 62 62 63 64 65 66 66 67 68 69 69 70 71 72 73 73 74 75 76 76 77 78 
C10
1 2 3 4 5 6 7 8 8 9 10 11 12 13 14 15 16 17 18 19 20 21 21 22 23 24 25 26 27 28 29 30 31 32 33 34 34 35 36 37 38 39 40 41 42 43 44 45 46 47 47 48 49 50 51 52 53 54 55 56 57 58 59 60 60 61 62 63 64 65 66 67 68 69 70 71 72 73 73 74 75 76 77 78 79 80 81 82 83 84 85 86 86 87 88 89 90 91 92 93 
C11
1 2 3 4 4 5 6 7 8 9 10 11 11 12 13 14 15 16 17 18 18 19 20 21 22 23 24 24 25 26 27 28 29 30 31 31 32 33 34 35 36 37 37 38 39 40 41 42 43 44 44 45 46 47 48 49 50 51 51 52 53 54 55 56 57 57 58 59 60 61 62 63 64 64 65 66 67 68 69 70 70 71 72 73 74 75 76 77 77 78 79 80 81 82 83 84 84 85 86 87 
C12
1 2 3 4 5 6 6 7 8 9 10 11 12 13 14 15 16 16 17 18 19 20 21 22 23 24 25 26 26 27 28 29 30 31 32 33 34 35 36 36 37 38 39 40 41 42 43 44 45 46 46 47 48 49 50 51 52 53 54 55 56 56 57 58 59 60 61 62 63 64 65 66 66 67 68 69 70 71 72 73 74 75 76 76 77 78 79 80 81 82 83 84 85 86 86 87 88 89 90 91 
C13
1 2 2 3 4 5 5 6 7 8 8 9 10 11 11 12 13 14 14 15 16 17 17 18 19 20 20 21 22 23 23 24 25 26 26 27 28 29 29 30 31 32 32 33 34 35 35 36 37 38 38 39 40 41 41 42 43 44 44 45 46 47 47 48 49 50 50 51 52 53 53 54 55 56 56 57 58 59 59 60 61 62 62 63 64 65 65 66 67 68 68 69 70 71 71 72 73 74 74 75 
C14
1 2 2 3 3 4 4 5 5 6 6 7 7 8 8 9 9 10 10 11 11 12 12 13 13 14 14 15 15 16 16 17 17 18 19 19 20 20 21 21 22 22 23 23 24 24 25 25 26 26 27 27 28 28 29 29 30 30 31 31 32 32 33 33 34 34 35 36 36 37 37 38 38 39 39 40 40 41 41 42 42 43 43 44 44 45 45 46 46 47 47 48 48 49 49 50 50 51 51 52 
C15
1 2 3 3 4 5 6 7 7 8 9 10 10 11 12 13 14 14 15 16 17 18 18 19 20 21 21 22 23 24 25 25 26 27 28 29 29 30 31 32 33 33 34 35 36 36 37 38 39 40 40 41 42 43 44 44 45 46 47 47 48 49 50 51 51 52 53 54 55 55 56 57 58 59 59 60 61 62 62 63 64 65 66 66 67 68 69 70 70 71 72 73 73 74 75 76 77 77 78 79 
C16
1 2 2 3 4 4 5 5 6 7 7 8 9 9 10 10 11 12 12 13 14 14 15 15 16 17 17 18 19 19 20 20 21 22 22 23 24 24 25 25 26 27 27 28 29 29 30 30 31 32 32 33 34 34 35 35 36 37 37 38 39 39 40 40 41 42 42 43 44 44 45 45 46 47 47 48 49 49 50 50 51 52 52 53 54 54 55 55 56 57 57 58 59 59 60 60 61 62 62 63 
C17
1 2 2 3 3 4 5 5 6 6 7 8 8 9 9 10 11 11 12 12 13 14 14 15 15 16 16 17 18 18 19 19 20 21 21 22 22 23 24 24 25 25 26 27 27 28 28 29 30 30 31 31 32 33 33 34 34 35 36 36 37 37 38 39 39 40 40 41 42 42 43 43 44 45 45 46 46 47 47 48 49 49 50 50 51 52 52 53 53 54 55 55 56 56 57 58 58 59 59 60 
C18
1 2 3 4 5 5 6 7 8 9 10 11 12 12 13 14 15 16 17 18 19 19 20 21 22 23 24 25 26 26 27 28 29 30 31 32 33 34 34 35 36 37 38 39 40 41 41 42 43 44 45 46 47 48 48 49 50 51 52 53 54 55 55 56 57 58 59 60 61 62 63 63 64 65 66 67 68 69 70 70 71 72 73 74 75 76 77 77 78 79 80 81 82 83 84 84 85 86 87 88 
C19
1 2 3 4 5 6 7 8 9 10 11 12 13 14 15 16 17 18 19 20 21 22 23 24 25 26 27 28 29 30 31 32 33 34 35 36 37 38 39 40 41 42 43 44 45 46 47 48 49 50 51 52 53 54 55 56 57 58 59 60 61 62 63 64 65 66 67 68 69 70 71 72 73 74 75 76 77 78 79 80 81 82 83 84 85 86 87 88 89 90 91 92 93 94 95 96 97 98 99 100 
C20
1 2 3 4 4 5 6 7 8 9 9 10 11 12 13 14 15 15 16 17 18 19 20 21 21 22 23 24 25 26 26 27 28 29 30 31 32 32 33 34 35 36 37 37 38 39 40 41 42 43 43 44 45 46 47 48 49 49 50 51 52 53 54 54 55 56 57 58 59 60 60 61 62 63 64 65 65 66 67 68 69 70 71 71 72 73 74 75 76 77 77 78 79 80 81 82 82 83 84 85 
C21
1 2 3 4 5 5 6 7 8 9 10 11 12 12 13 14 15 16 17 18 19 19 20 21 22 23 24 25 26 26 27 28 29 30 31 32 33 34 34 35 36 37 38 39 40 41 41 42 43 44 45 46 47 48 48 49 50 51 52 53 54 55 55 56 57 58 59 60 61 62 63 63 64 65 66 67 68 69 70 70 71 72 73 74 75 76 77 77 78 79 80 81 82 83 84 84 85 86 87 88 
C22
1 2 3 4 5 6 7 8 9 9 10 11 12 13 14 15 16 17 18 19 20 21 22 23 24 24 25 26 27 28 29 30 31 32 33 34 35 36 37 38 39 40 40 41 42 43 44 45 46 47 48 49 50 51 52 53 54 55 55 56 57 58 59 60 61 62 63 64 65 66 67 68 69 70 71 71 72 73 74 75 76 77 78 79 80 81 82 83 84 85 86 86 87 88 89 90 91 92 93 94 
C23
1 2 3 3 4 5 6 7 7 8 9 10 10 11 12 13 14 14 15 16 17 18 18 19 20 21 21 22 23 24 25 25 26 27 28 29 29 30 31 32 33 33 34 35 36 36 37 38 39 40 40 41 42 43 44 44 45 46 47 47 48 49 50 51 51 52 53 54 55 55 56 57 58 59 59 60 61 62 62 63 64 65 66 66 67 68 69 70 70 71 72 73 73 74 75 76 77 77 78 79 
C24
1 2 3 4 5 6 7 8 9 10 10 11 12 13 14 15 16 17 18 19 20 21 22 23 24 25 26 27 28 29 29 30 31 32 33 34 35 36 37 38 39 40 41 42 43 44 45 46 47 48 48 49 50 51 52 53 54 55 56 57 58 59 60 61 62 63 64 65 66 67 67 68 69 70 71 72 73 74 75 76 77 78 79 80 81 82 83 84 85 86 86 87 88 89 90 91 92 93 94 95 
C25
1 2 3 4 5 6 7 7 8 9 10 11 12 13 14 15 16 17 18 18 19 20 21 22 23 24 25 26 27 28 29 29 30 31 32 33 34 35 36 37 38 39 40 41 41 42 43 44 45 46 47 48 49 50 51 52 52 53 54 55 56 57 58 59 60 61 62 63 64 64 65 66 67 68 69 70 71 72 73 74 75 75 76 77 78 79 80 81 82 83 84 85 86 86 87 88 89 90 91 92 
C26
1 2 3 4 4 5 6 7 8 9 9 10 11 12 13 14 15 15 16 17 18 19 20 21 21 22 23 24 25 26 26 27 28 29 30 31 32 32 33 34 35 36 37 37 38 39 40 41 42 43 43 44 45 46 47 48 49 49 50 51 52 53 54 54 55 56 57 58 59 60 60 61 62 63 64 65 65 66 67 68 69 70 71 71 72 73 74 75 76 77 77 78 79 80 81 82 82 83 84 85 
C27
1 1 2 2 3 3 4 4 5 5 6 6 6 7 7 8 8 9 9 10 10 11 11 11 12 12 13 13 14 14 15 15 16 16 16 17 17 18 18 19 19 20 20 21 21 21 22 22 23 23 24 24 25 25 26 26 26 27 27 28 28 29 29 30 30 31 31 31 32 32 33 33 34 34 35 35 36 36 36 37 37 38 38 39 39 40 40 41 41 41 42 42 43 43 44 44 45 45 46 46 
C28
1 2 3 4 4 5 6 7 8 9 9 10 11 12 13 14 15 15 16 17 18 19 20 21 21 22 23 24 25 26 26 27 28 29 30 31 32 32 33 34 35 36 37 37 38 39 40 41 42 43 43 44 45 46 47 48 49 49 50 51 52 53 54 54 55 56 57 58 59 60 60 61 62 63 64 65 65 66 67 68 69 70 71 71 72 73 74 75 76 77 77 78 79 80 81 82 82 83 84 85 
C29
1 2 3 4 4 5 6 7 8 9 10 10 11 12 13 14 15 16 16 17 18 19 20 21 22 22 23 24 25 26 27 28 28 29 30 31 32 33 34 34 35 36 37 38 39 40 40 41 42 43 44 45 46 47 47 48 49 50 51 52 53 53 54 55 56 57 58 59 59 60 61 62 63 64 65 65 66 67 68 69 70 71 71 72 73 74 75 76 77 77 78 79 80 81 82 83 83 84 85 86 
C30
1 2 2 3 4 4 5 6 7 7 8 9 9 10 11 11 12 13 14 14 15 16 16 17 18 18 19 20 21 21 22 23 23 24 25 25 26 27 27 28 29 30 30 31 32 32 33 34 34 35 36 37 37 38 39 39 40 41 41 42 43 44 44 45 46 46 47 48 48 49 50 50 51 52 53 53 54 55 55 56 57 57 58 59 60 60 61 62 62 63 64 64 65 66 67 67 68 69 69 70 
C31
1 2 3 4 5 6 7 8 8 9 10 11 12 13 14 15 16 17 18 19 20 21 21 22 23 24 25 26 27 28 29 30 31 32 33 34 34 35 36 37 38 39 40 41 42 43 44 45 46 47 47 48 49 50 51 52 53 54 55 56 57 58 59 60 60 61 62 63 64 65 66 67 68 69 70 71 72 73 73 74 75 76 77 78 79 80 81 82 83 84 85 86 86 87 88 89 90 91 92 93 
C32
1 2 2 3 4 5 5 6 7 7 8 9 10 10 11 12 12 13 14 15 15 16 17 17 18 19 20 20 21 22 23 23 24 25 25 26 27 28 28 29 30 30 31 32 33 33 34 35 35 36 37 38 38 39 40 40 41 42 43 43 44 45 45 46 47 48 48 49 50 50 51 52 53 53 54 55 56 56 57 58 58 59 60 61 61 62 63 63 64 65 66 66 67 68 68 69 70 71 71 72 
C33
1 2 3 4 5 6 7 8 9 10 11 12 13 14 15 16 17 18 19 20 21 22 23 24 25 26 27 28 29 30 31 32 33 34 35 36 37 38 39 40 41 42 43 44 45 46 47 48 49 50 50 51 52 53 54 55 56 57 58 59 60 61 62 63 64 65 66 67 68 69 70 71 72 73 74 75 76 77 78 79 80 81 82 83 84 85 86 87 88 89 90 91 92 93 94 95 96 97 98 99 
C34
1 2 2 3 3 4 5 5 6 7 7 8 8 9 10 10 11 11 12 13 13 14 15 15 16 16 17 18 18 19 19 20 21 21 22 23 23 24 24 25 26 26 27 27 28 29 29 30 31 31 32 32 33 34 34 35 36 36 37 37 38 39 39 40 40 41 42 42 43 44 44 45 45 46 47 47 48 48 49 50 50 51 52 52 53 53 54 55 55 56 56 57 58 58 59 60 60 61 61 62 
C35
1 2 2 3 4 5 5 6 7 7 8 9 10 10 11 12 12 13 14 15 15 16 17 17 18 19 20 20 21 22 23 23 24 25 25 26 27 28 28 29 30 30 31 32 33 33 34 35 35 36 37 38 38 39 40 40 41 42 43 43 44 45 45 46 47 48 48 49 50 50 51 52 53 53 54 55 56 56 57 58 58 59 60 61 61 62 63 63 64 65 66 66 67 68 68 69 70 71 71 72 
C36
1 2 2 3 4 4 5 6 6 7 8 8 9 10 10 11 12 12 13 13 14 15 15 16 17 17 18 19 19 20 21 21 22 23 23 24 25 25 26 27 27 28 29 29 30 31 31 32 33 33 34 34 35 36 36 37 38 38 39 40 40 41 42 42 43 44 44 45 46 46 47 48 48 49 50 50 51 52 52 53 54 54 55 55 56 57 57 58 59 59 60 61 61 62 63 63 64 65 65 66 
C37
1 2 3 3 4 5 6 6 7 8 9 9 10 11 12 13 13 14 15 16 16 17 18 19 19 20 21 22 22 23 24 25 26 26 27 28 29 29 30 31 32 32 33 34 35 36 36 37 38 39 39 40 41 42 42 43 44 45 46 46 47 48 49 49 50 51 52 52 53 54 55 56 56 57 58 59 59 60 61 62 62 63 64 65 65 66 67 68 69 69 70 71 72 72 73 74 75 75 76 77 
C38
1 2 3 4 4 5 6 7 8 9 10 10 11 12 13 14 15 16 16 17 18 19 20 21 22 22 23 24 25 26 27 28 28 29 30 31 32 33 34 34 35 36 37 38 39 40 40 41 42 43 44 45 46 47 47 48 49 50 51 52 53 53 54 55 56 57 58 59 59 60 61 62 63 64 65 65 66 67 68 69 70 71 71 72 73 74 75 76 77 77 78 79 80 81 82 83 83 84 85 86 
C39
1 2 3 3 4 5 6 7 8 8 9 10 11 12 12 13 14 15 16 17 17 18 19 20 21 21 22 23 24 25 26 26 27 28 29 30 30 31 32 33 34 35 35 36 37 38 39 39 40 41 42 43 44 44 45 46 47 48 48 49 50 51 52 53 53 54 55 56 57 57 58 59 60 61 62 62 63 64 65 66 66 67 68 69 70 71 71 72 73 74 75 75 76 77 78 79 80 80 81 82 
C40
1 2 2 3 4 4 5 6 7 7 8 9 9 10 11 11 12 13 14 14 15 16 16 17 18 18 19 20 21 21 22 23 23 24 25 25 26 27 27 28 29 30 30 31 32 32 33 34 34 35 36 37 37 38 39 39 40 41 41 42 43 44 44 45 46 46 47 48 48 49 50 50 51 52 53 53 54 55 55 56 57 57 58 59 60 60 61 62 62 63 64 64 65 66 67 67 68 69 69 70 
C41
1 2 2 3 4 4 5 5 6 7 7 8 9 9 10 11 11 12 12 13 14 14 15 16 16 17 18 18 19 19 20 21 21 22 23 23 24 25 25 26 26 27 28 28 29 30 30 31 32 32 33 33 34 35 35 36 37 37 38 39 39 40 40 41 42 42 43 44 44 45 46 46 47 47 48 49 49 50 51 51 52 53 53 54 54 55 56 56 57 58 58 59 60 60 61 61 62 63 63 64 
C42
1 2 2 3 3 4 4 5 5 6 6 7 7 8 8 9 9 10 10 11 11 12 12 13 13 14 14 15 15 16 16 17 17 18 19 19 20 20 21 21 22 22 23 23 24 24 25 25 26 26 27 27 28 28 29 29 30 30 31 31 32 32 33 33 34 34 35 36 36 37 37 38 38 39 39 40 40 41 41 42 42 43 43 44 44 45 45 46 46 47 47 48 48 49 49 50 50 51 51 52 
C43
1 2 2 3 4 5 5 6 7 8 8 9 10 11 11 12 13 14 14 15 16 17 17 18 19 20 20 21 22 23 23 24 25 26 26 27 28 29 29 30 31 32 32 33 34 35 35 36 37 38 38 39 40 41 41 42 43 44 44 45 46 47 47 48 49 50 50 51 52 53 53 54 55 56 56 57 58 59 59 60 61 62 62 63 64 65 65 66 67 68 68 69 70 71 71 72 73 74 74 75 
C44
1 2 3 4 5 6 7 8 9 10 10 11 12 13 14 15 16 17 18 19 20 21 22 23 24 25 26 27 28 29 29 30 31 32 33 34 35 36 37 38 39 40 41 42 43 44 45 46 47 48 48 49 50 51 52 53 54 55 56 57 58 59 60 61 62 63 64 65 66 67 67 68 69 70 71 72 73 74 75 76 77 78 79 80 81 82 83 84 85 86 86 87 88 89 90 91 92 93 94 95 
C45
1 2 3 4 5 6 7 7 8 9 10 11 12 13 14 15 16 17 18 18 19 20 21 22 23 24 25 26 27 28 29 29 30 31 32 33 34 35 36 37 38 39 40 41 41 42 43 44 45 46 47 48 49 50 51 52 52 53 54 55 56 57 58 59 60 61 62 63 64 64 65 66 67 68 69 70 71 72 73 74 75 75 76 77 78 79 80 81 82 83 84 85 86 86 87 88 89 90 91 92 
C46
1 2 2 3 3 4 5 5 6 7 7 8 8 9 10 10 11 11 12 13 13 14 15 15 16 16 17 18 18 19 19 20 21 21 22 23 23 24 24 25 26 26 27 27 28 29 29 30 31 31 32 32 33 34 34 35 36 36 37 37 38 39 39 40 40 41 42 42 43 44 44 45 45 46 47 47 48 48 49 50 50 51 52 52 53 53 54 55 55 56 56 57 58 58 59 60 60 61 61 62 
C47
1 2 3 3 4 5 6 6 7 8 9 9 10 11 12 13 13 14 15 16 16 17 18 19 19 20 21 22 22 23 24 25 26 26 27 28 29 29 30 31 32 32 33 34 35 36 36 37 38 39 39 40 41 42 42 43 44 45 46 46 47 48 49 49 50 51 52 52 53 54 55 56 56 57 58 59 59 60 61 62 62 63 64 65 65 66 67 68 69 69 70 71 72 72 73 74 75 75 76 77 
C48
1 2 3 4 5 6 7 8 9 10 11 12 13 13 14 15 16 17 18 19 20 21 22 23 24 25 26 27 28 29 30 31 32 33 34 35 36 37 37 38 39 40 41 42 43 44 45 46 47 48 49 50 51 52 53 54 55 56 57 58 59 60 60 61 62 63 64 65 66 67 68 69 70 71 72 73 74 75 76 77 78 79 80 81 82 83 84 84 85 86 87 88 89 90 91 92 93 94 95 96 
C49
1 2 3 4 5 5 6 7 8 9 10 11 12 13 13 14 15 16 17 18 19 20 21 21 22 23 24 25 26 27 28 29 29 30 31 32 33 34 35 36 37 37 38 39 40 41 42 43 44 45 45 46 47 48 49 50 51 52 53 53 54 55 56 57 58 59 60 61 61 62 63 64 65 66 67 68 69 69 70 71 72 73 74 75 76 77 77 78 79 80 81 82 83 84 85 85 86 87 88 89 
C50
1 1 2 2 3 3 4 4 4 5 5 6 6 7 7 7 8 8 9 9 9 10 10 11 11 12 12 12 13 13 14 14 15 15 15 16 16 17 17 18 18 18 19 19 20 20 21 21 21 22 22 23 23 23 24 24 25 25 26 26 26 27 27 28 28 29 29 29 30 30 31 31 32 32 32 33 33 34 34 35 35 35 36 36 37 37 37 38 38 39 39 40 40 40 41 41 42 42 43 43 
;
param pevChargeRate
:
1 2 3 4 5 6 7 8 9 10 11 12 13 14 15 16 17 18 19 20 21 22 23 24 25 26 27 28 29 30 31 32 33 34 35 36 37 38 39 40 41 42 43 44 45 46 47 48 49 50 51 52 53 54 55 56 57 58 59 60 61 62 63 64 65 66 67 68 69 70 71 72 73 74 75 76 77 78 79 80 81 82 83 84 85 86 87 88 89 90 91 92 93 94 95 96 97 98 99 100 
:=
C1
1 2 2 3 3 4 4 5 5 6 6 7 8 8 9 9 10 10 11 11 12 12 13 14 14 15 15 16 16 17 17 18 18 19 20 20 21 21 22 22 23 23 24 24 25 26 26 27 27 28 28 29 29 30 30 31 32 32 33 33 34 34 35 35 36 36 37 38 38 39 39 40 40 41 41 42 42 43 44 44 45 45 46 46 47 47 48 48 49 50 50 51 51 52 52 53 53 54 54 55 
C2
1 2 3 3 4 5 6 6 7 8 9 9 10 11 12 12 13 14 15 15 16 17 18 18 19 20 21 21 22 23 24 24 25 26 27 28 28 29 30 31 31 32 33 34 34 35 36 37 37 38 39 40 40 41 42 43 43 44 45 46 46 47 48 49 49 50 51 52 53 53 54 55 56 56 57 58 59 59 60 61 62 62 63 64 65 65 66 67 68 68 69 70 71 71 72 73 74 74 75 76 
C3
1 2 3 4 5 5 6 7 8 9 10 11 12 13 13 14 15 16 17 18 19 20 21 21 22 23 24 25 26 27 28 29 29 30 31 32 33 34 35 36 37 37 38 39 40 41 42 43 44 45 45 46 47 48 49 50 51 52 53 53 54 55 56 57 58 59 60 61 61 62 63 64 65 66 67 68 69 69 70 71 72 73 74 75 76 77 77 78 79 80 81 82 83 84 85 85 86 87 88 89 
C4
1 2 3 4 5 6 7 8 9 10 11 12 13 13 14 15 16 17 18 19 20 21 22 23 24 25 26 27 28 29 30 31 32 33 34 35 36 37 37 38 39 40 41 42 43 44 45 46 47 48 49 50 51 52 53 54 55 56 57 58 59 60 60 61 62 63 64 65 66 67 68 69 70 71 72 73 74 75 76 77 78 79 80 81 82 83 84 84 85 86 87 88 89 90 91 92 93 94 95 96 
C5
1 2 2 3 4 4 5 6 6 7 8 8 9 10 10 11 12 12 13 13 14 15 15 16 17 17 18 19 19 20 21 21 22 23 23 24 25 25 26 27 27 28 29 29 30 31 31 32 33 33 34 34 35 36 36 37 38 38 39 40 40 41 42 42 43 44 44 45 46 46 47 48 48 49 50 50 51 52 52 53 54 54 55 55 56 57 57 58 59 59 60 61 61 62 63 63 64 65 65 66 
C6
1 2 3 4 4 5 6 7 8 9 9 10 11 12 13 14 14 15 16 17 18 19 19 20 21 22 23 24 24 25 26 27 28 29 30 30 31 32 33 34 35 35 36 37 38 39 40 40 41 42 43 44 45 45 46 47 48 49 50 50 51 52 53 54 55 55 56 57 58 59 60 61 61 62 63 64 65 66 66 67 68 69 70 71 71 72 73 74 75 76 76 77 78 79 80 81 81 82 83 84 
C7
1 2 3 4 5 6 7 8 9 9 10 11 12 13 14 15 16 17 18 19 20 21 22 23 24 24 25 26 27 28 29 30 31 32 33 34 35 36 37 38 39 40 40 41 42 43 44 45 46 47 48 49 50 51 52 53 54 55 55 56 57 58 59 60 61 62 63 64 65 66 67 68 69 70 71 71 72 73 74 75 76 77 78 79 80 81 82 83 84 85 86 86 87 88 89 90 91 92 93 94 
C8
1 2 2 3 3 4 4 5 5 6 6 7 7 8 8 9 9 10 10 11 12 12 13 13 14 14 15 15 16 16 17 17 18 18 19 19 20 20 21 21 22 23 23 24 24 25 25 26 26 27 27 28 28 29 29 30 30 31 31 32 33 33 34 34 35 35 36 36 37 37 38 38 39 39 40 40 41 41 42 42 43 44 44 45 45 46 46 47 47 48 48 49 49 50 50 51 51 52 52 53 
C9
1 2 3 4 5 6 7 8 9 9 10 11 12 13 14 15 16 17 18 19 20 21 22 23 24 24 25 26 27 28 29 30 31 32 33 34 35 36 37 38 39 40 40 41 42 43 44 45 46 47 48 49 50 51 52 53 54 55 55 56 57 58 59 60 61 62 63 64 65 66 67 68 69 70 71 71 72 73 74 75 76 77 78 79 80 81 82 83 84 85 86 86 87 88 89 90 91 92 93 94 
C10
1 2 3 3 4 5 6 7 7 8 9 10 11 11 12 13 14 15 15 16 17 18 19 19 20 21 22 23 23 24 25 26 27 27 28 29 30 31 31 32 33 34 35 35 36 37 38 39 39 40 41 42 42 43 44 45 46 46 47 48 49 50 50 51 52 53 54 54 55 56 57 58 58 59 60 61 62 62 63 64 65 66 66 67 68 69 70 70 71 72 73 74 74 75 76 77 78 78 79 80 
C11
1 2 3 3 4 5 6 6 7 8 9 9 10 11 12 13 13 14 15 16 16 17 18 19 19 20 21 22 22 23 24 25 26 26 27 28 29 29 30 31 32 32 33 34 35 36 36 37 38 39 39 40 41 42 42 43 44 45 46 46 47 48 49 49 50 51 52 52 53 54 55 56 56 57 58 59 59 60 61 62 62 63 64 65 65 66 67 68 69 69 70 71 72 72 73 74 75 75 76 77 
C12
1 2 3 3 4 5 6 6 7 8 9 10 10 11 12 13 13 14 15 16 17 17 18 19 20 20 21 22 23 24 24 25 26 27 27 28 29 30 31 31 32 33 34 34 35 36 37 38 38 39 40 41 41 42 43 44 45 45 46 47 48 48 49 50 51 52 52 53 54 55 55 56 57 58 59 59 60 61 62 62 63 64 65 66 66 67 68 69 69 70 71 72 73 73 74 75 76 76 77 78 
C13
1 2 3 3 4 5 6 7 7 8 9 10 10 11 12 13 14 14 15 16 17 18 18 19 20 21 21 22 23 24 25 25 26 27 28 29 29 30 31 32 33 33 34 35 36 36 37 38 39 40 40 41 42 43 44 44 45 46 47 47 48 49 50 51 51 52 53 54 55 55 56 57 58 59 59 60 61 62 62 63 64 65 66 66 67 68 69 70 70 71 72 73 73 74 75 76 77 77 78 79 
C14
1 1 2 2 3 3 4 4 5 5 6 6 7 7 8 8 9 9 10 10 11 11 12 12 13 13 14 14 15 15 16 16 17 17 17 18 18 19 19 20 20 21 21 22 22 23 23 24 24 25 25 26 26 27 27 28 28 29 29 30 30 31 31 32 32 33 33 33 34 34 35 35 36 36 37 37 38 38 39 39 40 40 41 41 42 42 43 43 44 44 45 45 46 46 47 47 48 48 49 49 
C15
1 2 3 4 5 5 6 7 8 9 10 11 12 12 13 14 15 16 17 18 19 19 20 21 22 23 24 25 26 26 27 28 29 30 31 32 33 34 34 35 36 37 38 39 40 41 41 42 43 44 45 46 47 48 48 49 50 51 52 53 54 55 55 56 57 58 59 60 61 62 63 63 64 65 66 67 68 69 70 70 71 72 73 74 75 76 77 77 78 79 80 81 82 83 84 84 85 86 87 88 
C16
1 2 3 4 4 5 6 7 8 9 10 11 11 12 13 14 15 16 17 18 18 19 20 21 22 23 24 24 25 26 27 28 29 30 31 31 32 33 34 35 36 37 37 38 39 40 41 42 43 44 44 45 46 47 48 49 50 51 51 52 53 54 55 56 57 57 58 59 60 61 62 63 64 64 65 66 67 68 69 70 70 71 72 73 74 75 76 77 77 78 79 80 81 82 83 84 84 85 86 87 
C17
1 2 3 4 5 6 7 8 9 10 11 12 13 14 15 16 17 17 18 19 20 21 22 23 24 25 26 27 28 29 30 31 32 33 34 35 36 37 38 39 40 41 42 43 44 45 46 47 48 49 49 50 51 52 53 54 55 56 57 58 59 60 61 62 63 64 65 66 67 68 69 70 71 72 73 74 75 76 77 78 79 80 81 81 82 83 84 85 86 87 88 89 90 91 92 93 94 95 96 97 
C18
1 2 3 4 5 5 6 7 8 9 10 11 12 12 13 14 15 16 17 18 19 19 20 21 22 23 24 25 26 26 27 28 29 30 31 32 33 34 34 35 36 37 38 39 40 41 41 42 43 44 45 46 47 48 48 49 50 51 52 53 54 55 55 56 57 58 59 60 61 62 63 63 64 65 66 67 68 69 70 70 71 72 73 74 75 76 77 77 78 79 80 81 82 83 84 84 85 86 87 88 
C19
1 2 2 3 4 5 5 6 7 8 8 9 10 11 11 12 13 14 14 15 16 16 17 18 19 19 20 21 22 22 23 24 25 25 26 27 28 28 29 30 30 31 32 33 33 34 35 36 36 37 38 39 39 40 41 42 42 43 44 45 45 46 47 47 48 49 50 50 51 52 53 53 54 55 56 56 57 58 59 59 60 61 61 62 63 64 64 65 66 67 67 68 69 70 70 71 72 73 73 74 
C20
1 2 2 3 4 5 5 6 7 8 8 9 10 11 11 12 13 14 14 15 16 17 17 18 19 20 20 21 22 23 23 24 25 26 26 27 28 29 29 30 31 32 32 33 34 35 35 36 37 38 38 39 40 41 41 42 43 44 44 45 46 47 47 48 49 50 50 51 52 53 53 54 55 56 56 57 58 59 59 60 61 62 62 63 64 65 65 66 67 68 68 69 70 71 71 72 73 74 74 75 
C21
1 2 3 3 4 5 6 7 7 8 9 10 11 12 12 13 14 15 16 16 17 18 19 20 20 21 22 23 24 24 25 26 27 28 28 29 30 31 32 33 33 34 35 36 37 37 38 39 40 41 41 42 43 44 45 45 46 47 48 49 49 50 51 52 53 54 54 55 56 57 58 58 59 60 61 62 62 63 64 65 66 66 67 68 69 70 70 71 72 73 74 75 75 76 77 78 79 79 80 81 
C22
1 2 2 3 3 4 5 5 6 6 7 8 8 9 9 10 11 11 12 13 13 14 14 15 16 16 17 17 18 19 19 20 20 21 22 22 23 23 24 25 25 26 26 27 28 28 29 29 30 31 31 32 33 33 34 34 35 36 36 37 37 38 39 39 40 40 41 42 42 43 43 44 45 45 46 46 47 48 48 49 49 50 51 51 52 53 53 54 54 55 56 56 57 57 58 59 59 60 60 61 
C23
1 2 3 4 5 5 6 7 8 9 10 11 12 13 13 14 15 16 17 18 19 20 21 21 22 23 24 25 26 27 28 29 29 30 31 32 33 34 35 36 37 37 38 39 40 41 42 43 44 45 45 46 47 48 49 50 51 52 53 53 54 55 56 57 58 59 60 61 61 62 63 64 65 66 67 68 69 69 70 71 72 73 74 75 76 77 77 78 79 80 81 82 83 84 85 85 86 87 88 89 
C24
1 2 3 4 5 6 7 8 8 9 10 11 12 13 14 15 16 17 18 19 20 21 21 22 23 24 25 26 27 28 29 30 31 32 33 34 34 35 36 37 38 39 40 41 42 43 44 45 46 47 47 48 49 50 51 52 53 54 55 56 57 58 59 60 60 61 62 63 64 65 66 67 68 69 70 71 72 73 73 74 75 76 77 78 79 80 81 82 83 84 85 86 86 87 88 89 90 91 92 93 
C25
1 2 3 4 5 6 7 8 9 10 11 12 13 14 15 16 17 18 19 20 21 22 23 24 25 26 27 28 29 30 31 32 33 34 35 36 37 38 39 40 41 42 43 44 45 46 47 48 49 50 50 51 52 53 54 55 56 57 58 59 60 61 62 63 64 65 66 67 68 69 70 71 72 73 74 75 76 77 78 79 80 81 82 83 84 85 86 87 88 89 90 91 92 93 94 95 96 97 98 99 
C26
1 2 3 4 5 6 7 7 8 9 10 11 12 13 14 15 16 17 18 18 19 20 21 22 23 24 25 26 27 28 29 29 30 31 32 33 34 35 36 37 38 39 40 41 41 42 43 44 45 46 47 48 49 50 51 52 52 53 54 55 56 57 58 59 60 61 62 63 64 64 65 66 67 68 69 70 71 72 73 74 75 75 76 77 78 79 80 81 82 83 84 85 86 86 87 88 89 90 91 92 
C27
1 2 2 3 3 4 5 5 6 7 7 8 8 9 10 10 11 11 12 13 13 14 15 15 16 16 17 18 18 19 19 20 21 21 22 23 23 24 24 25 26 26 27 27 28 29 29 30 31 31 32 32 33 34 34 35 36 36 37 37 38 39 39 40 40 41 42 42 43 44 44 45 45 46 47 47 48 48 49 50 50 51 52 52 53 53 54 55 55 56 56 57 58 58 59 60 60 61 61 62 
C28
1 2 3 4 4 5 6 7 8 9 9 10 11 12 13 14 15 15 16 17 18 19 20 21 21 22 23 24 25 26 26 27 28 29 30 31 32 32 33 34 35 36 37 37 38 39 40 41 42 43 43 44 45 46 47 48 49 49 50 51 52 53 54 54 55 56 57 58 59 60 60 61 62 63 64 65 65 66 67 68 69 70 71 71 72 73 74 75 76 77 77 78 79 80 81 82 82 83 84 85 
C29
1 2 3 4 4 5 6 7 8 9 9 10 11 12 13 14 15 15 16 17 18 19 20 21 21 22 23 24 25 26 26 27 28 29 30 31 32 32 33 34 35 36 37 37 38 39 40 41 42 43 43 44 45 46 47 48 49 49 50 51 52 53 54 54 55 56 57 58 59 60 60 61 62 63 64 65 65 66 67 68 69 70 71 71 72 73 74 75 76 77 77 78 79 80 81 82 82 83 84 85 
C30
1 2 3 3 4 5 6 6 7 8 9 10 10 11 12 13 13 14 15 16 17 17 18 19 20 20 21 22 23 24 24 25 26 27 27 28 29 30 31 31 32 33 34 34 35 36 37 38 38 39 40 41 41 42 43 44 45 45 46 47 48 48 49 50 51 52 52 53 54 55 55 56 57 58 59 59 60 61 62 62 63 64 65 66 66 67 68 69 69 70 71 72 73 73 74 75 76 76 77 78 
C31
1 2 3 4 5 6 7 8 9 10 11 12 13 14 15 16 17 18 19 20 21 22 23 24 25 26 27 28 29 30 31 32 33 34 35 36 37 38 39 40 41 42 43 44 45 46 47 48 49 50 51 52 53 54 55 56 57 58 59 60 61 62 63 64 65 66 67 68 69 70 71 72 73 74 75 76 77 78 79 80 81 82 83 84 85 86 87 88 89 90 91 92 93 94 95 96 97 98 99 100 
C32
1 2 3 4 5 6 7 8 9 10 11 12 13 14 15 16 17 18 19 20 21 22 23 24 25 26 27 28 29 30 31 32 33 34 35 36 37 38 39 40 41 42 43 44 45 46 47 48 49 50 50 51 52 53 54 55 56 57 58 59 60 61 62 63 64 65 66 67 68 69 70 71 72 73 74 75 76 77 78 79 80 81 82 83 84 85 86 87 88 89 90 91 92 93 94 95 96 97 98 99 
C33
1 2 3 4 4 5 6 7 8 9 9 10 11 12 13 14 14 15 16 17 18 19 19 20 21 22 23 24 24 25 26 27 28 29 30 30 31 32 33 34 35 35 36 37 38 39 40 40 41 42 43 44 45 45 46 47 48 49 50 50 51 52 53 54 55 55 56 57 58 59 60 61 61 62 63 64 65 66 66 67 68 69 70 71 71 72 73 74 75 76 76 77 78 79 80 81 81 82 83 84 
C34
1 2 2 3 4 5 5 6 7 7 8 9 10 10 11 12 12 13 14 15 15 16 17 17 18 19 20 20 21 22 23 23 24 25 25 26 27 28 28 29 30 30 31 32 33 33 34 35 35 36 37 38 38 39 40 40 41 42 43 43 44 45 45 46 47 48 48 49 50 50 51 52 53 53 54 55 56 56 57 58 58 59 60 61 61 62 63 63 64 65 66 66 67 68 68 69 70 71 71 72 
C35
1 2 3 3 4 5 6 7 7 8 9 10 11 11 12 13 14 15 15 16 17 18 19 19 20 21 22 23 23 24 25 26 27 27 28 29 30 31 31 32 33 34 35 35 36 37 38 39 39 40 41 42 42 43 44 45 46 46 47 48 49 50 50 51 52 53 54 54 55 56 57 58 58 59 60 61 62 62 63 64 65 66 66 67 68 69 70 70 71 72 73 74 74 75 76 77 78 78 79 80 
C36
1 2 2 3 3 4 5 5 6 7 7 8 8 9 10 10 11 11 12 13 13 14 15 15 16 16 17 18 18 19 19 20 21 21 22 23 23 24 24 25 26 26 27 27 28 29 29 30 31 31 32 32 33 34 34 35 36 36 37 37 38 39 39 40 40 41 42 42 43 44 44 45 45 46 47 47 48 48 49 50 50 51 52 52 53 53 54 55 55 56 56 57 58 58 59 60 60 61 61 62 
C37
1 2 3 4 5 6 6 7 8 9 10 11 12 13 14 15 16 16 17 18 19 20 21 22 23 24 25 26 26 27 28 29 30 31 32 33 34 35 36 36 37 38 39 40 41 42 43 44 45 46 46 47 48 49 50 51 52 53 54 55 56 56 57 58 59 60 61 62 63 64 65 66 66 67 68 69 70 71 72 73 74 75 76 76 77 78 79 80 81 82 83 84 85 86 86 87 88 89 90 91 
C38
1 2 3 3 4 5 6 7 7 8 9 10 11 11 12 13 14 15 15 16 17 18 19 19 20 21 22 23 23 24 25 26 27 27 28 29 30 31 31 32 33 34 35 35 36 37 38 39 39 40 41 42 42 43 44 45 46 46 47 48 49 50 50 51 52 53 54 54 55 56 57 58 58 59 60 61 62 62 63 64 65 66 66 67 68 69 70 70 71 72 73 74 74 75 76 77 78 78 79 80 
C39
1 2 3 3 4 5 6 7 7 8 9 10 11 12 12 13 14 15 16 16 17 18 19 20 20 21 22 23 24 24 25 26 27 28 28 29 30 31 32 33 33 34 35 36 37 37 38 39 40 41 41 42 43 44 45 45 46 47 48 49 49 50 51 52 53 54 54 55 56 57 58 58 59 60 61 62 62 63 64 65 66 66 67 68 69 70 70 71 72 73 74 75 75 76 77 78 79 79 80 81 
C40
1 2 3 4 5 5 6 7 8 9 10 11 12 13 13 14 15 16 17 18 19 20 21 21 22 23 24 25 26 27 28 29 29 30 31 32 33 34 35 36 37 37 38 39 40 41 42 43 44 45 45 46 47 48 49 50 51 52 53 53 54 55 56 57 58 59 60 61 61 62 63 64 65 66 67 68 69 69 70 71 72 73 74 75 76 77 77 78 79 80 81 82 83 84 85 85 86 87 88 89 
C41
1 2 2 3 4 4 5 5 6 7 7 8 9 9 10 11 11 12 12 13 14 14 15 16 16 17 18 18 19 19 20 21 21 22 23 23 24 25 25 26 26 27 28 28 29 30 30 31 32 32 33 33 34 35 35 36 37 37 38 39 39 40 40 41 42 42 43 44 44 45 46 46 47 47 48 49 49 50 51 51 52 53 53 54 54 55 56 56 57 58 58 59 60 60 61 61 62 63 63 64 
C42
1 2 2 3 3 4 4 5 6 6 7 7 8 8 9 9 10 11 11 12 12 13 13 14 15 15 16 16 17 17 18 19 19 20 20 21 21 22 22 23 24 24 25 25 26 26 27 28 28 29 29 30 30 31 32 32 33 33 34 34 35 36 36 37 37 38 38 39 39 40 41 41 42 42 43 43 44 45 45 46 46 47 47 48 49 49 50 50 51 51 52 52 53 54 54 55 55 56 56 57 
C43
1 2 3 3 4 5 6 6 7 8 9 9 10 11 12 13 13 14 15 16 16 17 18 19 19 20 21 22 22 23 24 25 26 26 27 28 29 29 30 31 32 32 33 34 35 36 36 37 38 39 39 40 41 42 42 43 44 45 46 46 47 48 49 49 50 51 52 52 53 54 55 56 56 57 58 59 59 60 61 62 62 63 64 65 65 66 67 68 69 69 70 71 72 72 73 74 75 75 76 77 
C44
1 2 3 3 4 5 6 7 8 8 9 10 11 12 12 13 14 15 16 17 17 18 19 20 21 21 22 23 24 25 26 26 27 28 29 30 30 31 32 33 34 35 35 36 37 38 39 39 40 41 42 43 44 44 45 46 47 48 48 49 50 51 52 53 53 54 55 56 57 57 58 59 60 61 62 62 63 64 65 66 66 67 68 69 70 71 71 72 73 74 75 75 76 77 78 79 80 80 81 82 
C45
1 2 3 4 5 6 7 8 9 10 10 11 12 13 14 15 16 17 18 19 20 21 22 23 24 25 26 27 28 29 29 30 31 32 33 34 35 36 37 38 39 40 41 42 43 44 45 46 47 48 48 49 50 51 52 53 54 55 56 57 58 59 60 61 62 63 64 65 66 67 67 68 69 70 71 72 73 74 75 76 77 78 79 80 81 82 83 84 85 86 86 87 88 89 90 91 92 93 94 95 
C46
1 2 3 4 4 5 6 7 8 9 9 10 11 12 13 14 15 15 16 17 18 19 20 21 21 22 23 24 25 26 26 27 28 29 30 31 32 32 33 34 35 36 37 37 38 39 40 41 42 43 43 44 45 46 47 48 49 49 50 51 52 53 54 54 55 56 57 58 59 60 60 61 62 63 64 65 65 66 67 68 69 70 71 71 72 73 74 75 76 77 77 78 79 80 81 82 82 83 84 85 
C47
1 2 3 3 4 5 6 6 7 8 9 9 10 11 12 13 13 14 15 16 16 17 18 19 19 20 21 22 22 23 24 25 26 26 27 28 29 29 30 31 32 32 33 34 35 36 36 37 38 39 39 40 41 42 42 43 44 45 46 46 47 48 49 49 50 51 52 52 53 54 55 56 56 57 58 59 59 60 61 62 62 63 64 65 65 66 67 68 69 69 70 71 72 72 73 74 75 75 76 77 
C48
1 2 3 4 5 6 7 8 9 10 11 12 13 13 14 15 16 17 18 19 20 21 22 23 24 25 26 27 28 29 30 31 32 33 34 35 36 37 37 38 39 40 41 42 43 44 45 46 47 48 49 50 51 52 53 54 55 56 57 58 59 60 60 61 62 63 64 65 66 67 68 69 70 71 72 73 74 75 76 77 78 79 80 81 82 83 84 84 85 86 87 88 89 90 91 92 93 94 95 96 
C49
1 2 3 4 5 6 7 8 9 10 11 12 13 14 15 16 17 17 18 19 20 21 22 23 24 25 26 27 28 29 30 31 32 33 34 35 36 37 38 39 40 41 42 43 44 45 46 47 48 49 49 50 51 52 53 54 55 56 57 58 59 60 61 62 63 64 65 66 67 68 69 70 71 72 73 74 75 76 77 78 79 80 81 81 82 83 84 85 86 87 88 89 90 91 92 93 94 95 96 97 
C50
1 2 2 3 3 4 4 5 5 6 6 7 7 8 8 9 9 10 10 11 11 12 12 13 13 14 14 15 15 16 16 17 17 18 19 19 20 20 21 21 22 22 23 23 24 24 25 25 26 26 27 27 28 28 29 29 30 30 31 31 32 32 33 33 34 34 35 36 36 37 37 38 38 39 39 40 40 41 41 42 42 43 43 44 44 45 45 46 46 47 47 48 48 49 49 50 50 51 51 52 
;
param pevChargePrice
:
1 2 3 4 5 6 7 8 9 10 11 12 13 14 15 16 17 18 19 20 21 22 23 24 25 26 27 28 29 30 31 32 33 34 35 36 37 38 39 40 41 42 43 44 45 46 47 48 49 50 51 52 53 54 55 56 57 58 59 60 61 62 63 64 65 66 67 68 69 70 71 72 73 74 75 76 77 78 79 80 81 82 83 84 85 86 87 88 89 90 91 92 93 94 95 96 97 98 99 100 
:=
C1
1 1 2 3 4 6 7 8 9 10 11 12 13 14 15 16 18 20 23 27 31 35 39 42 44 46 47 49 51 53 55 57 59 62 65 69 72 75 78 80 82 84 86 88 90 92 95 98 101 106 110 114 118 121 124 126 128 131 133 135 138 140 142 144 146 149 151 153 155 158 160 162 164 167 169 171 182 203 232 270 318 358 389 411 425 430 435 440 445 450 455 460 465 470 475 480 485 490 495 500 
C2
52 54 56 59 62 65 68 72 75 78 81 83 86 89 91 94 97 100 104 108 112 115 119 122 125 128 131 134 137 140 143 146 150 154 159 164 169 173 177 180 184 187 190 193 196 200 204 208 213 218 224 229 234 239 243 246 250 253 257 260 264 267 271 274 278 281 285 288 292 295 299 302 306 309 313 316 321 328 337 347 359 369 378 385 390 394 398 402 406 410 414 418 422 426 430 434 438 442 446 450 
C3
1 1 2 3 4 6 7 8 9 10 11 12 13 14 15 16 18 20 23 27 31 35 39 42 44 46 47 49 51 53 55 57 59 62 65 69 72 75 78 80 82 84 86 88 90 92 95 98 101 106 110 114 118 121 124 126 128 131 133 135 138 140 142 144 146 149 151 153 155 158 160 162 164 167 169 171 181 198 222 254 294 326 352 371 383 387 392 396 401 405 410 414 419 423 428 432 437 441 446 450 
C4
52 54 56 59 62 65 68 72 75 78 81 83 86 89 91 94 97 100 104 108 112 115 119 122 125 128 131 134 137 140 143 146 150 154 159 164 169 173 177 180 184 187 190 193 196 200 204 208 213 218 224 229 234 239 243 246 250 253 257 260 264 267 271 274 278 281 285 288 292 295 299 302 306 309 313 316 321 328 337 347 359 369 378 385 390 394 398 402 406 410 414 418 422 426 430 434 438 442 446 450 
C5
1 2 4 5 7 8 10 12 14 15 17 18 20 21 23 24 26 29 31 35 39 42 45 48 50 52 54 56 58 60 62 65 68 73 78 83 89 93 97 100 103 105 108 110 113 115 120 126 135 146 159 170 180 187 193 196 200 203 207 210 214 217 221 224 228 231 235 238 242 245 249 252 256 259 263 266 278 297 326 362 407 445 474 496 510 516 522 528 534 540 546 552 558 564 570 576 582 588 594 600 
C6
1 2 4 5 7 8 10 12 14 15 17 18 20 21 23 24 26 29 31 35 39 42 45 48 50 52 54 56 58 60 62 65 68 73 78 83 89 93 97 100 103 105 108 110 113 115 120 126 135 146 159 170 180 187 193 196 200 203 207 210 214 217 221 224 228 231 235 238 242 245 249 252 256 259 263 266 278 297 326 362 407 445 474 496 510 516 522 528 534 540 546 552 558 564 570 576 582 588 594 600 
C7
1 1 2 3 4 6 7 8 9 10 11 12 13 14 15 16 18 20 23 27 31 35 39 42 44 46 47 49 51 53 55 57 59 62 65 69 72 75 78 80 82 84 86 88 90 92 95 98 101 106 110 114 118 121 124 126 128 131 133 135 138 140 142 144 146 149 151 153 155 158 160 162 164 167 169 171 181 198 222 254 294 326 352 371 383 387 392 396 401 405 410 414 419 423 428 432 437 441 446 450 
C8
1 1 2 3 4 6 7 8 9 10 11 12 13 14 15 16 18 20 23 27 31 35 39 42 44 46 47 49 51 53 55 57 59 62 65 69 72 75 78 80 82 84 86 88 90 92 95 98 101 106 110 114 118 121 124 126 128 131 133 135 138 140 142 144 146 149 151 153 155 158 160 162 164 167 169 171 182 203 232 270 318 358 389 411 425 430 435 440 445 450 455 460 465 470 475 480 485 490 495 500 
C9
1 1 2 3 4 6 7 8 9 10 11 12 13 14 15 16 18 20 23 27 31 35 39 42 44 46 47 49 51 53 55 57 59 62 65 69 72 75 78 80 82 84 86 88 90 92 95 98 101 106 110 114 118 121 124 126 128 131 133 135 138 140 142 144 146 149 151 153 155 158 160 162 164 167 169 171 181 198 222 254 294 326 352 371 383 387 392 396 401 405 410 414 419 423 428 432 437 441 446 450 
C10
52 54 56 59 62 65 68 72 75 78 81 83 86 89 91 94 97 100 104 108 112 115 119 122 125 128 131 134 137 140 143 146 150 154 159 164 169 173 177 180 184 187 190 193 196 200 204 208 213 218 224 229 234 239 243 246 250 253 257 260 264 267 271 274 278 281 285 288 292 295 299 302 306 309 313 316 321 328 337 347 359 369 378 385 390 394 398 402 406 410 414 418 422 426 430 434 438 442 446 450 
C11
1 1 2 3 4 6 7 8 9 10 11 12 13 14 15 16 18 20 23 27 31 35 39 42 44 46 47 49 51 53 55 57 59 62 65 69 72 75 78 80 82 84 86 88 90 92 95 98 101 106 110 114 118 121 124 126 128 131 133 135 138 140 142 144 146 149 151 153 155 158 160 162 164 167 169 171 181 198 222 254 294 326 352 371 383 387 392 396 401 405 410 414 419 423 428 432 437 441 446 450 
C12
52 54 56 59 62 65 68 72 75 78 81 83 86 89 91 94 97 100 104 108 112 115 119 122 125 128 131 134 137 140 143 146 150 154 159 164 169 173 177 180 184 187 190 193 196 200 204 208 213 218 224 229 234 239 243 246 250 253 257 260 264 267 271 274 278 281 285 288 292 295 299 302 306 309 313 316 321 328 337 347 359 369 378 385 390 394 398 402 406 410 414 418 422 426 430 434 438 442 446 450 
C13
52 54 56 59 62 65 68 72 75 78 81 83 86 89 91 94 97 100 104 108 112 115 119 122 125 128 131 134 137 140 143 146 150 154 159 164 169 173 177 180 184 187 190 193 196 200 204 208 213 218 224 229 234 239 243 246 250 253 257 260 264 267 271 274 278 281 285 288 292 295 299 302 306 309 313 316 321 328 337 347 359 369 378 385 390 394 398 402 406 410 414 418 422 426 430 434 438 442 446 450 
C14
1 1 2 3 4 6 7 8 9 10 11 12 13 14 15 16 18 20 23 27 31 35 39 42 44 46 47 49 51 53 55 57 59 62 65 69 72 75 78 80 82 84 86 88 90 92 95 98 101 106 110 114 118 121 124 126 128 131 133 135 138 140 142 144 146 149 151 153 155 158 160 162 164 167 169 171 182 203 232 270 318 358 389 411 425 430 435 440 445 450 455 460 465 470 475 480 485 490 495 500 
C15
1 1 2 3 4 6 7 8 9 10 11 12 13 14 15 16 18 20 23 27 31 35 39 42 44 46 47 49 51 53 55 57 59 62 65 69 72 75 78 80 82 84 86 88 90 92 95 98 101 106 110 114 118 121 124 126 128 131 133 135 138 140 142 144 146 149 151 153 155 158 160 162 164 167 169 171 181 198 222 254 294 326 352 371 383 387 392 396 401 405 410 414 419 423 428 432 437 441 446 450 
C16
1 1 2 3 4 6 7 8 9 10 11 12 13 14 15 16 18 20 23 27 31 35 39 42 44 46 47 49 51 53 55 57 59 62 65 69 72 75 78 80 82 84 86 88 90 92 95 98 101 106 110 114 118 121 124 126 128 131 133 135 138 140 142 144 146 149 151 153 155 158 160 162 164 167 169 171 182 203 232 270 318 358 389 411 425 430 435 440 445 450 455 460 465 470 475 480 485 490 495 500 
C17
1 2 4 5 7 8 10 12 14 15 17 18 20 21 23 24 26 29 31 35 39 42 45 48 50 52 54 56 58 60 62 65 68 73 78 83 89 93 97 100 103 105 108 110 113 115 120 126 135 146 159 170 180 187 193 196 200 203 207 210 214 217 221 224 228 231 235 238 242 245 249 252 256 259 263 266 278 297 326 362 407 445 474 496 510 516 522 528 534 540 546 552 558 564 570 576 582 588 594 600 
C18
1 1 2 3 4 6 7 8 9 10 11 12 13 14 15 16 18 20 23 27 31 35 39 42 44 46 47 49 51 53 55 57 59 62 65 69 72 75 78 80 82 84 86 88 90 92 95 98 101 106 110 114 118 121 124 126 128 131 133 135 138 140 142 144 146 149 151 153 155 158 160 162 164 167 169 171 181 198 222 254 294 326 352 371 383 387 392 396 401 405 410 414 419 423 428 432 437 441 446 450 
C19
1 2 4 5 7 8 10 12 14 15 17 18 20 21 23 24 26 29 31 35 39 42 45 48 50 52 54 56 58 60 62 65 68 73 78 83 89 93 97 100 103 105 108 110 113 115 120 126 135 146 159 170 180 187 193 196 200 203 207 210 214 217 221 224 228 231 235 238 242 245 249 252 256 259 263 266 278 297 326 362 407 445 474 496 510 516 522 528 534 540 546 552 558 564 570 576 582 588 594 600 
C20
1 1 2 3 4 6 7 8 9 10 11 12 13 14 15 16 18 20 23 27 31 35 39 42 44 46 47 49 51 53 55 57 59 62 65 69 72 75 78 80 82 84 86 88 90 92 95 98 101 106 110 114 118 121 124 126 128 131 133 135 138 140 142 144 146 149 151 153 155 158 160 162 164 167 169 171 181 198 222 254 294 326 352 371 383 387 392 396 401 405 410 414 419 423 428 432 437 441 446 450 
C21
1 1 2 3 4 6 7 8 9 10 11 12 13 14 15 16 18 20 23 27 31 35 39 42 44 46 47 49 51 53 55 57 59 62 65 69 72 75 78 80 82 84 86 88 90 92 95 98 101 106 110 114 118 121 124 126 128 131 133 135 138 140 142 144 146 149 151 153 155 158 160 162 164 167 169 171 181 198 222 254 294 326 352 371 383 387 392 396 401 405 410 414 419 423 428 432 437 441 446 450 
C22
1 2 4 5 7 8 10 12 14 15 17 18 20 21 23 24 26 29 31 35 39 42 45 48 50 52 54 56 58 60 62 65 68 73 78 83 89 93 97 100 103 105 108 110 113 115 120 126 135 146 159 170 180 187 193 196 200 203 207 210 214 217 221 224 228 231 235 238 242 245 249 252 256 259 263 266 278 297 326 362 407 445 474 496 510 516 522 528 534 540 546 552 558 564 570 576 582 588 594 600 
C23
1 1 2 3 4 6 7 8 9 10 11 12 13 14 15 16 18 20 23 27 31 35 39 42 44 46 47 49 51 53 55 57 59 62 65 69 72 75 78 80 82 84 86 88 90 92 95 98 101 106 110 114 118 121 124 126 128 131 133 135 138 140 142 144 146 149 151 153 155 158 160 162 164 167 169 171 182 203 232 270 318 358 389 411 425 430 435 440 445 450 455 460 465 470 475 480 485 490 495 500 
C24
1 1 2 3 4 6 7 8 9 10 11 12 13 14 15 16 18 20 23 27 31 35 39 42 44 46 47 49 51 53 55 57 59 62 65 69 72 75 78 80 82 84 86 88 90 92 95 98 101 106 110 114 118 121 124 126 128 131 133 135 138 140 142 144 146 149 151 153 155 158 160 162 164 167 169 171 181 198 222 254 294 326 352 371 383 387 392 396 401 405 410 414 419 423 428 432 437 441 446 450 
C25
1 1 2 3 4 6 7 8 9 10 11 12 13 14 15 16 18 20 23 27 31 35 39 42 44 46 47 49 51 53 55 57 59 62 65 69 72 75 78 80 82 84 86 88 90 92 95 98 101 106 110 114 118 121 124 126 128 131 133 135 138 140 142 144 146 149 151 153 155 158 160 162 164 167 169 171 181 198 222 254 294 326 352 371 383 387 392 396 401 405 410 414 419 423 428 432 437 441 446 450 
C26
1 1 2 3 4 6 7 8 9 10 11 12 13 14 15 16 18 20 23 27 31 35 39 42 44 46 47 49 51 53 55 57 59 62 65 69 72 75 78 80 82 84 86 88 90 92 95 98 101 106 110 114 118 121 124 126 128 131 133 135 138 140 142 144 146 149 151 153 155 158 160 162 164 167 169 171 181 198 222 254 294 326 352 371 383 387 392 396 401 405 410 414 419 423 428 432 437 441 446 450 
C27
1 1 2 3 4 6 7 8 9 10 11 12 13 14 15 16 18 20 23 27 31 35 39 42 44 46 47 49 51 53 55 57 59 62 65 69 72 75 78 80 82 84 86 88 90 92 95 98 101 106 110 114 118 121 124 126 128 131 133 135 138 140 142 144 146 149 151 153 155 158 160 162 164 167 169 171 182 203 232 270 318 358 389 411 425 430 435 440 445 450 455 460 465 470 475 480 485 490 495 500 
C28
1 1 2 3 4 6 7 8 9 10 11 12 13 14 15 16 18 20 23 27 31 35 39 42 44 46 47 49 51 53 55 57 59 62 65 69 72 75 78 80 82 84 86 88 90 92 95 98 101 106 110 114 118 121 124 126 128 131 133 135 138 140 142 144 146 149 151 153 155 158 160 162 164 167 169 171 181 198 222 254 294 326 352 371 383 387 392 396 401 405 410 414 419 423 428 432 437 441 446 450 
C29
52 54 56 59 62 65 68 72 75 78 81 83 86 89 91 94 97 100 104 108 112 115 119 122 125 128 131 134 137 140 143 146 150 154 159 164 169 173 177 180 184 187 190 193 196 200 204 208 213 218 224 229 234 239 243 246 250 253 257 260 264 267 271 274 278 281 285 288 292 295 299 302 306 309 313 316 321 328 337 347 359 369 378 385 390 394 398 402 406 410 414 418 422 426 430 434 438 442 446 450 
C30
1 2 4 5 7 8 10 12 14 15 17 18 20 21 23 24 26 29 31 35 39 42 45 48 50 52 54 56 58 60 62 65 68 73 78 83 89 93 97 100 103 105 108 110 113 115 120 126 135 146 159 170 180 187 193 196 200 203 207 210 214 217 221 224 228 231 235 238 242 245 249 252 256 259 263 266 278 297 326 362 407 445 474 496 510 516 522 528 534 540 546 552 558 564 570 576 582 588 594 600 
C31
1 1 2 3 4 6 7 8 9 10 11 12 13 14 15 16 18 20 23 27 31 35 39 42 44 46 47 49 51 53 55 57 59 62 65 69 72 75 78 80 82 84 86 88 90 92 95 98 101 106 110 114 118 121 124 126 128 131 133 135 138 140 142 144 146 149 151 153 155 158 160 162 164 167 169 171 181 198 222 254 294 326 352 371 383 387 392 396 401 405 410 414 419 423 428 432 437 441 446 450 
C32
52 54 56 59 62 65 68 72 75 78 81 83 86 89 91 94 97 100 104 108 112 115 119 122 125 128 131 134 137 140 143 146 150 154 159 164 169 173 177 180 184 187 190 193 196 200 204 208 213 218 224 229 234 239 243 246 250 253 257 260 264 267 271 274 278 281 285 288 292 295 299 302 306 309 313 316 321 328 337 347 359 369 378 385 390 394 398 402 406 410 414 418 422 426 430 434 438 442 446 450 
C33
1 2 4 5 7 8 10 12 14 15 17 18 20 21 23 24 26 29 31 35 39 42 45 48 50 52 54 56 58 60 62 65 68 73 78 83 89 93 97 100 103 105 108 110 113 115 120 126 135 146 159 170 180 187 193 196 200 203 207 210 214 217 221 224 228 231 235 238 242 245 249 252 256 259 263 266 278 297 326 362 407 445 474 496 510 516 522 528 534 540 546 552 558 564 570 576 582 588 594 600 
C34
1 2 4 5 7 8 10 12 14 15 17 18 20 21 23 24 26 29 31 35 39 42 45 48 50 52 54 56 58 60 62 65 68 73 78 83 89 93 97 100 103 105 108 110 113 115 120 126 135 146 159 170 180 187 193 196 200 203 207 210 214 217 221 224 228 231 235 238 242 245 249 252 256 259 263 266 278 297 326 362 407 445 474 496 510 516 522 528 534 540 546 552 558 564 570 576 582 588 594 600 
C35
52 54 56 59 62 65 68 72 75 78 81 83 86 89 91 94 97 100 104 108 112 115 119 122 125 128 131 134 137 140 143 146 150 154 159 164 169 173 177 180 184 187 190 193 196 200 204 208 213 218 224 229 234 239 243 246 250 253 257 260 264 267 271 274 278 281 285 288 292 295 299 302 306 309 313 316 321 328 337 347 359 369 378 385 390 394 398 402 406 410 414 418 422 426 430 434 438 442 446 450 
C36
1 2 4 5 7 8 10 12 14 15 17 18 20 21 23 24 26 29 31 35 39 42 45 48 50 52 54 56 58 60 62 65 68 73 78 83 89 93 97 100 103 105 108 110 113 115 120 126 135 146 159 170 180 187 193 196 200 203 207 210 214 217 221 224 228 231 235 238 242 245 249 252 256 259 263 266 278 297 326 362 407 445 474 496 510 516 522 528 534 540 546 552 558 564 570 576 582 588 594 600 
C37
1 1 2 3 4 6 7 8 9 10 11 12 13 14 15 16 18 20 23 27 31 35 39 42 44 46 47 49 51 53 55 57 59 62 65 69 72 75 78 80 82 84 86 88 90 92 95 98 101 106 110 114 118 121 124 126 128 131 133 135 138 140 142 144 146 149 151 153 155 158 160 162 164 167 169 171 181 198 222 254 294 326 352 371 383 387 392 396 401 405 410 414 419 423 428 432 437 441 446 450 
C38
1 2 4 5 7 8 10 12 14 15 17 18 20 21 23 24 26 29 31 35 39 42 45 48 50 52 54 56 58 60 62 65 68 73 78 83 89 93 97 100 103 105 108 110 113 115 120 126 135 146 159 170 180 187 193 196 200 203 207 210 214 217 221 224 228 231 235 238 242 245 249 252 256 259 263 266 278 297 326 362 407 445 474 496 510 516 522 528 534 540 546 552 558 564 570 576 582 588 594 600 
C39
1 1 2 3 4 6 7 8 9 10 11 12 13 14 15 16 18 20 23 27 31 35 39 42 44 46 47 49 51 53 55 57 59 62 65 69 72 75 78 80 82 84 86 88 90 92 95 98 101 106 110 114 118 121 124 126 128 131 133 135 138 140 142 144 146 149 151 153 155 158 160 162 164 167 169 171 182 203 232 270 318 358 389 411 425 430 435 440 445 450 455 460 465 470 475 480 485 490 495 500 
C40
52 54 56 59 62 65 68 72 75 78 81 83 86 89 91 94 97 100 104 108 112 115 119 122 125 128 131 134 137 140 143 146 150 154 159 164 169 173 177 180 184 187 190 193 196 200 204 208 213 218 224 229 234 239 243 246 250 253 257 260 264 267 271 274 278 281 285 288 292 295 299 302 306 309 313 316 321 328 337 347 359 369 378 385 390 394 398 402 406 410 414 418 422 426 430 434 438 442 446 450 
C41
1 2 4 5 7 8 10 12 14 15 17 18 20 21 23 24 26 29 31 35 39 42 45 48 50 52 54 56 58 60 62 65 68 73 78 83 89 93 97 100 103 105 108 110 113 115 120 126 135 146 159 170 180 187 193 196 200 203 207 210 214 217 221 224 228 231 235 238 242 245 249 252 256 259 263 266 278 297 326 362 407 445 474 496 510 516 522 528 534 540 546 552 558 564 570 576 582 588 594 600 
C42
1 1 2 3 4 6 7 8 9 10 11 12 13 14 15 16 18 20 23 27 31 35 39 42 44 46 47 49 51 53 55 57 59 62 65 69 72 75 78 80 82 84 86 88 90 92 95 98 101 106 110 114 118 121 124 126 128 131 133 135 138 140 142 144 146 149 151 153 155 158 160 162 164 167 169 171 182 203 232 270 318 358 389 411 425 430 435 440 445 450 455 460 465 470 475 480 485 490 495 500 
C43
1 2 4 5 7 8 10 12 14 15 17 18 20 21 23 24 26 29 31 35 39 42 45 48 50 52 54 56 58 60 62 65 68 73 78 83 89 93 97 100 103 105 108 110 113 115 120 126 135 146 159 170 180 187 193 196 200 203 207 210 214 217 221 224 228 231 235 238 242 245 249 252 256 259 263 266 278 297 326 362 407 445 474 496 510 516 522 528 534 540 546 552 558 564 570 576 582 588 594 600 
C44
1 1 2 3 4 6 7 8 9 10 11 12 13 14 15 16 18 20 23 27 31 35 39 42 44 46 47 49 51 53 55 57 59 62 65 69 72 75 78 80 82 84 86 88 90 92 95 98 101 106 110 114 118 121 124 126 128 131 133 135 138 140 142 144 146 149 151 153 155 158 160 162 164 167 169 171 181 198 222 254 294 326 352 371 383 387 392 396 401 405 410 414 419 423 428 432 437 441 446 450 
C45
52 54 56 59 62 65 68 72 75 78 81 83 86 89 91 94 97 100 104 108 112 115 119 122 125 128 131 134 137 140 143 146 150 154 159 164 169 173 177 180 184 187 190 193 196 200 204 208 213 218 224 229 234 239 243 246 250 253 257 260 264 267 271 274 278 281 285 288 292 295 299 302 306 309 313 316 321 328 337 347 359 369 378 385 390 394 398 402 406 410 414 418 422 426 430 434 438 442 446 450 
C46
1 2 4 5 7 8 10 12 14 15 17 18 20 21 23 24 26 29 31 35 39 42 45 48 50 52 54 56 58 60 62 65 68 73 78 83 89 93 97 100 103 105 108 110 113 115 120 126 135 146 159 170 180 187 193 196 200 203 207 210 214 217 221 224 228 231 235 238 242 245 249 252 256 259 263 266 278 297 326 362 407 445 474 496 510 516 522 528 534 540 546 552 558 564 570 576 582 588 594 600 
C47
1 1 2 3 4 6 7 8 9 10 11 12 13 14 15 16 18 20 23 27 31 35 39 42 44 46 47 49 51 53 55 57 59 62 65 69 72 75 78 80 82 84 86 88 90 92 95 98 101 106 110 114 118 121 124 126 128 131 133 135 138 140 142 144 146 149 151 153 155 158 160 162 164 167 169 171 181 198 222 254 294 326 352 371 383 387 392 396 401 405 410 414 419 423 428 432 437 441 446 450 
C48
1 1 2 3 4 6 7 8 9 10 11 12 13 14 15 16 18 20 23 27 31 35 39 42 44 46 47 49 51 53 55 57 59 62 65 69 72 75 78 80 82 84 86 88 90 92 95 98 101 106 110 114 118 121 124 126 128 131 133 135 138 140 142 144 146 149 151 153 155 158 160 162 164 167 169 171 181 198 222 254 294 326 352 371 383 387 392 396 401 405 410 414 419 423 428 432 437 441 446 450 
C49
1 2 4 5 7 8 10 12 14 15 17 18 20 21 23 24 26 29 31 35 39 42 45 48 50 52 54 56 58 60 62 65 68 73 78 83 89 93 97 100 103 105 108 110 113 115 120 126 135 146 159 170 180 187 193 196 200 203 207 210 214 217 221 224 228 231 235 238 242 245 249 252 256 259 263 266 278 297 326 362 407 445 474 496 510 516 522 528 534 540 546 552 558 564 570 576 582 588 594 600 
C50
1 1 2 3 4 6 7 8 9 10 11 12 13 14 15 16 18 20 23 27 31 35 39 42 44 46 47 49 51 53 55 57 59 62 65 69 72 75 78 80 82 84 86 88 90 92 95 98 101 106 110 114 118 121 124 126 128 131 133 135 138 140 142 144 146 149 151 153 155 158 160 162 164 167 169 171 182 203 232 270 318 358 389 411 425 430 435 440 445 450 455 460 465 470 475 480 485 490 495 500 
;
