99.9	96.3
89.5	131.1
95.7	103.5
106.4	126.5
80.4	97.7
141.6	72.6
118.2	64.4
17.3	136.0
80.1	87.5
119.3	114.5
128.1	99.8
57.2	84.3
153.0	113.8
98.8	74.7
54.9	127.6
87.3	138.4
80.5	154.6
147.1	120.3
34.3	128.1
75.8	123.6
111.6	69.8
122.3	96.5
51.3	112.6
141.0	65.7
57.7	93.3
73.5	57.5
89.6	92.1
125.3	106.8
116.5	110.1
100.2	120.5
126.3	129.4
83.7	93.5
147.2	128.8
102.8	131.0
44.8	95.3
72.9	103.3
70.4	127.3
66.1	98.0
119.8	78.2
63.8	84.7
100.0	80.7
96.4	67.5
76.8	137.0
103.3	37.4
78.9	97.2
155.4	103.9
54.7	106.2
108.0	93.6
85.0	54.2
93.7	83.7
48.1	69.2
125.2	120.6
106.5	88.2
132.9	114.3
118.6	98.1
76.1	83.2
63.3	77.9
84.7	58.4
115.6	76.0
66.9	81.7
92.7	96.7
34.4	112.4
70.5	106.9
114.2	125.7
124.5	101.4
141.7	130.7
112.6	94.5
110.8	91.3
70.7	124.5
40.6	109.7
129.8	104.2
116.1	86.5
113.4	95.4
119.6	73.6
86.9	94.2
133.7	105.8
128.8	147.8
91.3	86.7
81.5	87.3
98.5	106.8
120.1	104.4
134.5	100.3
129.7	103.2
43.2	38.5
108.8	139.4
7.9	118.5
52.0	87.4
74.6	80.4
101.3	79.3
98.3	49.6
292.6	320.7
335.8	344.9
253.1	302.3
247.6	286.1
299.3	306.6
259.6	275.3
291.4	302.7
277.5	297.6
313.0	262.8
287.1	289.9
303.7	313.9
312.6	342.7
312.1	316.5
314.5	358.3
291.2	279.2
225.9	305.6
307.6	295.0
272.1	304.4
316.0	267.7
260.2	296.9
330.7	290.5
273.0	288.8
280.3	289.1
311.9	292.3
370.4	300.3
271.6	338.9
353.7	288.6
314.7	299.8
273.2	250.6
322.9	305.6
306.7	302.4
285.9	280.6
286.9	311.1
238.5	291.4
295.2	291.9
315.9	266.1
307.9	326.3
290.0	272.3
332.0	303.2
288.1	303.6
318.5	321.6
265.3	322.2
294.2	259.3
308.6	338.7
321.6	317.2
301.2	271.5
310.3	270.3
337.7	287.7
337.3	283.9
283.1	329.0
307.0	330.6
346.4	306.3
305.0	330.8
300.9	303.3
342.6	339.8
326.8	336.6
280.3	261.9
300.1	325.1
266.3	311.0
292.5	293.4
327.0	325.2
261.4	286.5
330.6	283.0
288.5	317.0
279.1	296.8
278.0	302.9
236.1	334.4
297.2	285.1
265.4	307.3
249.6	323.0
299.9	265.0
282.4	303.1
288.0	294.9
303.7	313.7
304.9	307.9
289.5	300.9
291.4	275.4
288.1	327.7
292.3	344.8
271.9	314.8
260.8	325.4
266.2	301.4
315.8	288.2
300.2	305.4
327.0	253.4
335.4	349.8
277.1	327.9
268.3	245.0
244.2	260.6
293.7	317.3
176.7	301.7
197.0	342.6
11.8	241.0
229.1	42.9
229.0	182.2
296.7	261.8
30.6	23.0
314.9	8.5
77.4	115.9
212.4	372.6
369.7	205.6
394.4	350.1
390.1	151.2
121.9	353.8
301.5	213.9
82.5	357.0
344.6	41.1
263.1	84.8
40.9	280.6
232.2	144.5
385.4	0.6
337.9	153.7
301.2	128.1
281.2	157.3
98.6	72.5
16.0	83.8
184.8	237.5
46.9	237.8
64.6	69.0
167.9	373.2
266.4	22.5
389.3	80.7
111.9	203.3
212.6	303.7
372.3	58.4
66.7	372.4
315.7	168.8
41.2	22.6
353.4	269.7
208.9	111.9
389.7	312.0
302.4	385.1
289.0	275.3
1.0	199.4
82.2	39.6
104.1	115.1
32.0	215.2
294.1	4.5
329.1	113.1
137.4	235.8
54.5	68.8
266.4	68.0
332.2	270.5
269.4	227.8
55.8	220.7
151.5	387.0
271.3	251.4
206.4	129.8
391.2	208.4
107.1	346.0
346.8	397.6
149.5	335.4
54.7	139.0
33.1	299.8
295.5	375.8
148.8	267.2
152.2	192.5
120.9	114.5
117.8	238.1
103.9	134.6
185.4	383.8
395.1	176.8
154.0	384.8
377.3	270.6
66.8	282.4
370.0	383.1