10508.9882200	946.2000000	5.7116000	
10784.6882200	1007.6000000	5.6355000	
5570.3948200	116.9000000	5.7836000	
5235.0257000	116.9000000	44.6173000	
5360.6948200	117.3000000	11.7609000	
-8206.5847600	638.8000000	120.6116000	
-8211.1916600	639.4000000	127.5116000	
-8210.6916600	639.4000000	126.9116000	
-8206.3011600	637.0000000	122.1116000	
-8206.7011600	637.2000000	122.2116000	
-8206.8847600	639.4000000	121.5116000	
-8199.9847600	638.8000000	116.4609000	
-8201.1847600	638.8000000	117.0116000	
-8194.0011600	638.8000000	113.2609000	
-8179.4011600	639.4000000	106.2116000	
-8180.9011600	640.0000000	107.1116000	
-8179.7011600	639.4000000	106.5116000	
-8178.8011600	638.8000000	106.0609000	
-8166.1011600	641.2000000	102.3116000	
-8165.5011600	640.6000000	102.4168000	
-8166.4011600	640.6000000	102.4609000	
-8165.2011600	639.4000000	102.0168000	
-8164.0011600	638.8000000	101.8168000	
-8205.1847600	632.8000000	121.8116000	
-8191.2011600	632.8000000	112.9609000	
-8204.8847600	632.8000000	121.5116000	
-8200.3847600	632.8000000	119.1116000	
-8195.2847600	632.2000000	116.1609000	
-8196.1847600	632.2000000	116.4609000	
-8197.6847600	632.8000000	116.4168000	
-8191.8211600	633.4000000	113.1116000	
-8172.9011600	632.8000000	104.8168000	
-8176.2011600	634.0000000	106.0609000	
-8167.5211600	629.2000000	104.2609000	
-8172.6011600	632.8000000	104.7116000	
-8160.1011600	635.8000000	101.1813000	
-8165.7211600	629.2000000	103.8116000	
-8166.3211600	629.2000000	103.9168000	
-8157.9834800	634.0000000	101.2609000	
-8154.9834800	633.4000000	100.6609000	
-8215.8752600	633.4000000	135.0000000	
-8209.1047600	629.2000000	129.6116000	
-8187.6211600	629.2000000	113.1116000	
-8174.7211600	629.2000000	107.2168000	
-8194.4047600	629.2000000	117.0116000	
-8152.9047600	622.6000000	103.5813000	
-8168.4211600	629.2000000	104.5168000	
-8154.7047600	623.2000000	103.8116000	
-8134.4034800	623.0000000	99.6116000	
-8135.0034800	623.0000000	99.7609000	
-8150.2047600	622.6000000	103.0168000	
-8145.3047600	623.2000000	101.7168000	
-8209.4047600	628.6000000	135.0000000	
-8182.5979600	619.0000000	135.0000000	
-8172.1211600	616.6000000	126.0116000	
-8175.7211600	616.6000000	129.9116000	
-8177.5211600	616.6000000	134.4116000	
-8136.6211600	611.0000000	110.1116000	
-8153.1034800	617.4000000	111.1609000	
-8152.9211600	616.0000000	111.6116000	
-8152.6211600	616.0000000	111.3116000	
-8152.0211600	616.0000000	110.8168000	
-8122.5211600	611.0000000	103.6168000	
-8127.0211600	612.4000000	103.8168000	
-8122.8211600	611.0000000	103.8116000	
-8099.6211600	608.2000000	99.3813000	
-8100.2211600	608.2000000	100.0168000	
-8101.7211600	608.2000000	100.0609000	
-8103.5211600	609.6000000	99.3813000	
-8099.9211600	608.2000000	99.4609000	
-8028.9211600	591.4000000	95.1813000	
-8117.3211600	599.8000000	135.0000000	
-8102.6034800	595.8000000	134.0000000	
-8079.2034800	593.4000000	116.4116000	
-8093.9211600	596.2000000	120.9116000	
-8083.4034800	593.4000000	120.9116000	
-8113.1211600	598.6000000	132.9116000	
-7990.5047600	575.2000000	103.8168000	
-7996.0211600	580.2000000	99.0116000	
-7992.3047600	578.8000000	99.3116000	
-7993.2047600	578.8000000	99.3168000	
-7983.0047600	576.4000000	98.7168000	
-7989.3047600	575.2000000	103.7609000	
-7980.6047600	575.2000000	99.3168000	
-7991.4047600	575.2000000	104.7116000	
-7937.1211600	568.2000000	92.8168000	
-7937.3047600	566.8000000	95.8116000	
-7937.0047600	566.8000000	95.5168000	
-7943.1211600	568.2000000	95.5168000	
-7942.7211600	568.2000000	95.1116000	
-7942.5211600	568.2000000	94.9168000	
-7906.9211600	562.6000000	90.6168000	
-7907.2211600	562.6000000	90.9168000	
-7905.7211600	562.6000000	90.3813000	
-8001.0047600	572.0000000	134.0000000	
-7917.4047600	555.2000000	126.0000000	
-7907.8047600	552.8000000	125.0000000	
-7922.2047600	555.6000000	124.0000000	
-7917.1047600	554.4000000	124.0000000	
-8097.2047600	594.4000000	133.8116000	
-7833.1947600	540.2000000	104.2168000	
-7893.7226600	551.6000000	111.6116000	
-7824.9126600	539.0000000	103.2116000	
-7832.2999600	540.2000000	104.1116000	
-7839.8947600	541.6000000	104.1116000	
-7903.3226600	551.6000000	122.7116000	
-7818.8947600	540.4000000	95.2609000	
-7830.7947600	540.2000000	102.9116000	
-7822.9947600	540.2000000	98.8609000	
-7830.2947600	541.6000000	98.8609000	
-7822.9047600	540.2000000	98.5609000	
-7818.2947600	540.4000000	95.1116000	
-7803.7715600	537.6000000	95.1168000	
-7810.3715600	538.8000000	95.1168000	
-7793.5715600	538.8000000	88.2168000	
-7786.0047600	537.6000000	88.7609000	
-7787.8715600	537.6000000	88.8116000	
-7794.4715600	538.8000000	88.8116000	
-7793.8715600	538.8000000	88.4609000	
-7794.1715600	538.8000000	88.5116000	
-7693.8815600	523.2000000	82.2813000	
-7702.7947600	524.4000000	83.4168000	
-7789.3715600	538.8000000	87.0168000	
-7705.0715600	524.4000000	83.7168000	
-7708.5815600	525.6000000	82.9609000	
-7686.8994600	521.8000000	82.2168000	
-7686.5994600	521.8000000	82.2116000	
-8218.9847600	638.4000000	136.0116000	
-8205.9847600	638.8000000	120.0116000	
-8194.1011600	640.0000000	112.9609000	
-8194.4011600	640.0000000	113.1116000	
-8217.0752600	634.6000000	134.4116000	
-8216.4752600	634.0000000	134.1116000	
-8205.7847600	633.4000000	121.8116000	
-8200.5752600	634.0000000	117.6609000	
-8198.8847600	633.4000000	117.0116000	
-8198.2847600	633.4000000	116.4168000	
-8200.0847600	633.4000000	117.6116000	
-8199.7847600	633.4000000	117.3609000	
-8192.7916600	635.2000000	112.9609000	
-8192.7211600	634.6000000	113.1116000	
-8173.5011600	633.4000000	104.8168000	
-8195.3047600	629.2000000	117.3609000	
-8193.8047600	629.2000000	116.4168000	
-8195.6047600	629.2000000	117.6116000	
-8187.3211600	629.2000000	112.9609000	
-8157.4047600	623.2000000	104.8609000	
-8172.1047600	622.6000000	112.3609000	
-8172.7047600	622.6000000	113.1116000	
-8166.1211600	619.0000000	114.7168000	
-8166.7211600	619.0000000	115.0168000	
-8175.4047600	622.6000000	114.6168000	
-8171.5047600	623.2000000	111.1609000	
-8171.8047600	623.2000000	111.3116000	
-8149.1211600	620.2000000	104.4116000	
-8218.5847600	638.2000000	135.3116000	
-8202.0847600	639.4000000	117.3609000	
-8201.7847600	638.8000000	117.3609000	
-8202.3847600	638.8000000	117.6116000	
-8214.3752600	634.6000000	129.9116000	
-8217.3752600	635.2000000	134.4116000	
-8206.2847600	637.6000000	120.6116000	
-8205.6847600	637.6000000	120.0116000	
-8202.0847600	637.6000000	117.6116000	
-8214.0752600	634.0000000	129.9116000	
-8205.4847600	633.4000000	121.5116000	
-8198.7752600	634.0000000	116.4168000	
-8202.4847600	632.8000000	119.6609000	
-8204.5847600	632.8000000	121.2609000	
-8210.9047600	629.2000000	133.5116000	
-8218.6847600	639.6000000	135.4116000	
-8205.1847600	633.4000000	121.2609000	
-8205.9752600	634.0000000	121.5116000	
-8202.7847600	632.8000000	119.7116000	
-8200.4047600	629.2000000	121.2116000	
-8213.7847600	638.2000000	128.1116000	
-8214.6752600	635.8000000	129.9116000	
-8207.4752600	635.2000000	122.4116000	
-8206.2752600	634.6000000	121.5116000	
380.2989700	0.0000000	129.9116000	
