94214.90000 	 141.00000 	 102.00000 	 5.89433 	 -0.57380 	 -2.40211 	 
94751.60000 	 149.00000 	 102.00000 	 3.61960 	 -0.52791 	 -2.16221 	 
94787.60000 	 153.00000 	 108.00000 	 3.42557 	 -0.52382 	 -2.64299 	 
94793.90000 	 149.00000 	 102.00000 	 6.04769 	 -0.57634 	 -2.15139 	 
102599.60000 	 1350.00000 	 60.00000 	 9.18783 	 -0.61982 	 0.79832 	 
93345.80000 	 648.00000 	 79.00000 	 5.22518 	 -0.52580 	 -0.87883 	 
94239.80000 	 880.00000 	 78.00000 	 4.16105 	 -0.57714 	 -0.79061 	 
97308.50000 	 1036.00000 	 71.60000 	 5.23094 	 -0.76424 	 -0.17217 	 
97475.90000 	 1069.00000 	 66.00000 	 5.86649 	 -0.75939 	 0.46457 	 
97394.90000 	 1144.00000 	 62.60000 	 5.23446 	 -0.74762 	 0.87486 	 
101018.00000 	 1739.00000 	 62.00000 	 5.02430 	 -0.65394 	 0.76809 	 
99777.20000 	 1597.00000 	 61.80000 	 5.66848 	 -0.57153 	 0.61653 	 
98984.90000 	 1160.00000 	 61.50000 	 7.55039 	 -0.68383 	 0.73348 	 
99480.50000 	 1260.00000 	 61.40000 	 7.60194 	 -0.64510 	 0.90275 	 
98110.70000 	 1470.00000 	 61.00000 	 7.23888 	 -0.62236 	 0.66594 	 
97310.30000 	 1353.00000 	 60.90000 	 7.61772 	 -0.66840 	 0.67334 	 
98817.80000 	 1130.00000 	 60.80000 	 7.36029 	 -0.62446 	 0.96938 	 
98877.50000 	 1507.00000 	 60.90000 	 7.30257 	 -0.59518 	 0.69635 	 
97402.70000 	 1308.00000 	 60.90000 	 8.54890 	 -0.56804 	 0.56777 	 
102291.50000 	 1573.00000 	 60.90000 	 6.70461 	 -0.59497 	 0.79688 	 
95275.40000 	 1335.00000 	 60.80000 	 7.03389 	 -0.67684 	 1.09256 	 
98920.10000 	 1445.00000 	 60.70000 	 6.47786 	 -0.60177 	 0.81900 	 
97561.40000 	 1276.00000 	 60.50000 	 6.41535 	 -0.61450 	 0.85688 	 
98219.30000 	 1302.00000 	 60.20000 	 7.19445 	 -0.59648 	 0.89159 	 
94267.40000 	 141.00000 	 102.00000 	 5.47029 	 -0.57403 	 -2.10711 	 
94715.30000 	 181.00000 	 102.00000 	 5.74764 	 -0.56334 	 -2.47917 	 
95069.30000 	 152.00000 	 102.00000 	 5.48462 	 -0.57757 	 -2.23532 	 
95881.10000 	 365.00000 	 106.50000 	 4.58141 	 -0.57636 	 -2.77269 	 
94529.60000 	 146.00000 	 102.00000 	 5.82211 	 -0.56824 	 -2.12520 	 
94531.70000 	 191.00000 	 103.50000 	 5.05996 	 -0.55908 	 -2.62797 	 
96059.90000 	 1171.00000 	 60.00000 	 7.57248 	 -0.61110 	 0.63108 	 
95821.10000 	 903.00000 	 72.20000 	 10.80429 	 -0.68487 	 -0.22698 	 
96988.10000 	 970.00000 	 70.10000 	 7.14877 	 -0.69810 	 -0.00972 	 
97212.20000 	 975.00000 	 69.00000 	 6.64072 	 -0.60700 	 0.10549 	 
97933.40000 	 1095.00000 	 66.50000 	 9.71369 	 -0.62815 	 0.37896 	 
97411.40000 	 1588.00000 	 66.40000 	 4.98146 	 -0.56173 	 0.33165 	 
99890.60000 	 1508.00000 	 65.70000 	 4.89374 	 -0.61578 	 0.49963 	 
96731.30000 	 1176.00000 	 65.10000 	 6.35600 	 -0.63927 	 0.64454 	 
97318.40000 	 1298.00000 	 64.60000 	 5.06711 	 -0.58939 	 0.69081 	 
97862.60000 	 1178.00000 	 63.10000 	 5.71988 	 -0.59406 	 0.80023 	 
99508.10000 	 1244.00000 	 63.00000 	 7.27499 	 -0.60899 	 0.59132 	 
96383.00000 	 1174.00000 	 62.50000 	 6.01961 	 -0.64266 	 0.91680 	 
99879.20000 	 1278.00000 	 62.00000 	 6.49511 	 -0.61087 	 0.67211 	 
97648.40000 	 1258.00000 	 61.70000 	 6.51215 	 -0.59994 	 1.13081 	 
95644.40000 	 1144.00000 	 61.40000 	 6.86691 	 -0.63372 	 1.15915 	 
95751.50000 	 1173.00000 	 61.00000 	 6.85143 	 -0.64267 	 1.21977 	 
94991.00000 	 938.00000 	 60.90000 	 8.80190 	 -0.68367 	 1.22782 	 
96021.20000 	 1203.00000 	 60.80000 	 8.07715 	 -0.67438 	 1.31930 	 
97170.00000 	 1537.00000 	 60.60000 	 6.86874 	 -0.66193 	 0.70567 	 
95528.40000 	 1027.00000 	 60.50000 	 7.81981 	 -0.66201 	 0.71150 	 
93948.80000 	 152.00000 	 95.40000 	 5.51524 	 -0.57482 	 -1.83308 	 
94245.80000 	 143.00000 	 100.80000 	 5.77105 	 -0.57140 	 -2.03368 	 
94553.00000 	 183.00000 	 102.00000 	 5.70228 	 -0.57161 	 -2.40077 	 
101567.60000 	 1359.00000 	 60.00000 	 6.44927 	 -0.68092 	 1.17910 	 
98343.50000 	 1209.00000 	 72.50000 	 5.22154 	 -0.63103 	 -0.28589 	 
98321.90000 	 1176.00000 	 67.00000 	 4.71590 	 -0.58240 	 0.33747 	 
99827.60000 	 1193.00000 	 68.30000 	 7.27087 	 -0.63128 	 0.19457 	 
99529.10000 	 1281.00000 	 67.80000 	 5.09961 	 -0.60163 	 0.24323 	 
99077.30000 	 1074.00000 	 64.10000 	 6.95548 	 -0.68941 	 0.58618 	 
99787.70000 	 1024.00000 	 63.30000 	 8.08705 	 -0.62787 	 0.51622 	 
102755.60000 	 1513.00000 	 63.20000 	 5.14614 	 -0.58184 	 0.63744 	 
99258.20000 	 1314.00000 	 62.80000 	 6.32149 	 -0.59883 	 0.69893 	 
99513.20000 	 1238.00000 	 62.60000 	 6.38458 	 -0.62003 	 0.71920 	 
99455.60000 	 1165.00000 	 62.60000 	 7.26314 	 -0.63303 	 0.67899 	 
101270.60000 	 1203.00000 	 61.70000 	 7.34686 	 -0.62464 	 0.82908 	 
102991.70000 	 1563.00000 	 61.50000 	 4.18472 	 -0.61138 	 0.83225 	 
96992.00000 	 886.00000 	 61.40000 	 10.83032 	 -0.66154 	 0.85661 	 
102116.30000 	 1446.00000 	 60.50000 	 6.23687 	 -0.69704 	 1.11389 	 
94870.70000 	 280.00000 	 102.00000 	 4.96622 	 -0.55888 	 -2.12233 	 
93896.60000 	 152.00000 	 95.40000 	 5.80210 	 -0.56291 	 -1.73126 	 
94620.80000 	 189.00000 	 104.90000 	 5.69607 	 -0.56001 	 -2.63834 	 
94551.50000 	 179.00000 	 103.50000 	 5.00500 	 -0.57017 	 -2.63587 	 
95142.50000 	 150.00000 	 102.00000 	 3.78048 	 -0.56560 	 -2.16650 	 
95235.20000 	 179.00000 	 102.00000 	 3.40816 	 -0.52393 	 -2.50938 	 
95050.70000 	 167.00000 	 102.00000 	 3.60360 	 -0.54002 	 -2.44590 	 
95165.30000 	 180.00000 	 102.00000 	 3.39425 	 -0.52444 	 -2.50271 	 
101024.60000 	 1432.00000 	 60.00000 	 6.83176 	 -0.66850 	 0.95446 	 
95060.60000 	 960.00000 	 72.00000 	 4.17476 	 -0.58797 	 -0.20268 	 
93026.60000 	 1030.00000 	 71.00000 	 5.79147 	 -0.67099 	 -0.10414 	 
99346.10000 	 1909.00000 	 70.00000 	 4.45322 	 -0.49701 	 0.00000 	 
97893.20000 	 1194.00000 	 67.10000 	 9.34836 	 -0.70100 	 0.29975 	 
97246.40000 	 1316.00000 	 66.50000 	 4.62840 	 -0.60682 	 0.40353 	 
96417.20000 	 1184.00000 	 66.20000 	 5.02270 	 -0.57550 	 0.32710 	 
99682.10000 	 1317.00000 	 65.80000 	 4.84604 	 -0.58157 	 0.43431 	 
99923.60000 	 1265.00000 	 64.90000 	 5.77643 	 -0.57109 	 0.41761 	 
98983.40000 	 1075.00000 	 64.00000 	 5.71069 	 -0.61237 	 0.44549 	 
98525.60000 	 1095.00000 	 63.80000 	 6.15262 	 -0.60755 	 0.45322 	 
97293.00000 	 1755.00000 	 63.40000 	 5.06118 	 -0.55053 	 0.67899 	 
96721.50000 	 1531.00000 	 62.40000 	 5.60600 	 -0.60100 	 0.52119 	 
96833.70000 	 1563.00000 	 62.00000 	 5.31481 	 -0.56152 	 0.54127 	 
99828.20000 	 1105.00000 	 62.40000 	 6.51641 	 -0.61555 	 0.56406 	 
95045.90000 	 1669.00000 	 61.40000 	 6.11141 	 -0.56446 	 0.79180 	 
95616.50000 	 1558.00000 	 61.20000 	 5.85416 	 -0.56077 	 0.91255 	 
94548.80000 	 1095.00000 	 61.10000 	 7.51610 	 -0.64028 	 1.16986 	 
97301.60000 	 1430.00000 	 61.10000 	 6.45776 	 -0.56075 	 0.91149 	 
102983.00000 	 1655.00000 	 61.00000 	 5.89988 	 -0.54793 	 0.69897 	 
102227.60000 	 1503.00000 	 60.50000 	 7.16191 	 -0.57386 	 0.73793 	 
93928.70000 	 152.00000 	 95.40000 	 4.59332 	 -0.56258 	 -2.11740 	 
96596.30000 	 1466.00000 	 60.00000 	 9.52072 	 -0.68558 	 1.04554 	 
97378.70000 	 1166.00000 	 82.00000 	 2.82479 	 -0.48499 	 -1.14752 	 
99104.40000 	 1260.00000 	 68.50000 	 8.83882 	 -0.56689 	 0.17288 	 
96442.10000 	 1123.00000 	 65.40000 	 6.28075 	 -0.68564 	 0.52564 	 
97417.70000 	 1236.00000 	 64.10000 	 5.56838 	 -0.69263 	 0.68517 	 
96575.30000 	 1139.00000 	 63.80000 	 4.84643 	 -0.66106 	 0.72346 	 
102100.70000 	 1104.00000 	 62.30000 	 6.27709 	 -0.66646 	 0.55299 	 
98389.40000 	 1284.00000 	 61.80000 	 7.55615 	 -0.65185 	 0.76925 	 
99077.60000 	 1581.00000 	 60.50000 	 6.39305 	 -0.56710 	 1.17081 	 
100209.20000 	 1477.00000 	 60.40000 	 6.30362 	 -0.58366 	 1.12766 	 
101346.50000 	 1399.00000 	 60.30000 	 8.27271 	 -0.62753 	 1.05658 	 
101131.40000 	 1500.00000 	 60.30000 	 8.00242 	 -0.61609 	 0.92188 	 
100882.40000 	 1363.00000 	 60.30000 	 10.56880 	 -0.61904 	 0.99473 	 
98535.50000 	 1440.00000 	 60.30000 	 7.71086 	 -0.64913 	 1.05409 	 
94136.30000 	 167.00000 	 92.40000 	 6.05604 	 -0.57861 	 -1.53356 	 
94499.30000 	 146.00000 	 100.80000 	 5.98070 	 -0.56115 	 -2.04814 	 
94006.70000 	 188.00000 	 88.40000 	 6.24438 	 -0.58459 	 -1.32002 	 
93929.60000 	 152.00000 	 95.40000 	 5.81816 	 -0.57529 	 -1.73126 	 
94238.30000 	 141.00000 	 102.00000 	 5.14289 	 -0.57141 	 -2.10600 	 
94741.10000 	 155.00000 	 102.00000 	 5.07095 	 -0.53897 	 -2.12290 	 
94856.90000 	 185.00000 	 102.00000 	 4.36911 	 -0.55118 	 -2.46668 	 
86206.40000 	 680.00000 	 92.00000 	 4.83374 	 -0.53485 	 -2.08885 	 
86218.10000 	 678.00000 	 92.00000 	 4.81399 	 -0.53362 	 -2.08885 	 
86229.80000 	 676.00000 	 92.00000 	 4.81828 	 -0.52991 	 -2.08885 	 
86220.50000 	 630.00000 	 95.00000 	 4.85003 	 -0.53807 	 -2.20692 	 
86304.80000 	 596.00000 	 95.00000 	 4.91273 	 -0.54659 	 -2.23652 	 
86279.90000 	 604.00000 	 95.00000 	 4.91475 	 -0.54030 	 -2.20800 	 
86335.70000 	 640.00000 	 92.00000 	 4.96057 	 -0.55020 	 -2.00368 	 
86325.50000 	 550.00000 	 95.00000 	 5.05149 	 -0.56183 	 -2.03604 	 
86363.60000 	 550.00000 	 95.00000 	 4.97022 	 -0.54411 	 -2.04139 	 
86309.60000 	 560.00000 	 95.00000 	 4.97881 	 -0.55276 	 -2.04139 	 
86383.70000 	 538.00000 	 95.00000 	 5.04604 	 -0.55231 	 -2.03604 	 
86329.70000 	 548.00000 	 95.00000 	 5.05494 	 -0.56106 	 -2.03604 	 
86405.00000 	 516.00000 	 95.00000 	 5.02667 	 -0.55206 	 -2.03604 	 
86468.00000 	 502.00000 	 95.00000 	 5.09823 	 -0.54897 	 -1.97812 	 
86464.40000 	 498.00000 	 95.00000 	 5.02329 	 -0.54769 	 -1.97363 	 
86471.00000 	 496.00000 	 95.00000 	 5.05877 	 -0.55373 	 -1.97363 	 
86464.40000 	 498.00000 	 95.00000 	 5.04863 	 -0.54866 	 -1.97363 	 
86485.40000 	 509.00000 	 95.00000 	 5.02696 	 -0.54633 	 -1.97812 	 
86676.80000 	 444.00000 	 95.00000 	 5.12750 	 -0.56891 	 -1.91707 	 
86673.80000 	 446.00000 	 95.00000 	 5.12769 	 -0.56179 	 -1.92316 	 
86692.70000 	 445.00000 	 95.00000 	 5.12544 	 -0.56156 	 -1.92316 	 
86207.00000 	 710.00000 	 86.00000 	 4.81821 	 -0.53303 	 -1.78283 	 
86279.90000 	 734.00000 	 86.00000 	 4.81591 	 -0.53883 	 -1.79271 	 
86240.00000 	 694.00000 	 89.00000 	 4.82192 	 -0.53637 	 -2.03096 	 
86226.80000 	 698.00000 	 86.00000 	 4.90117 	 -0.54122 	 -1.78283 	 
86288.60000 	 708.00000 	 86.00000 	 4.50633 	 -0.53447 	 -1.78283 	 
86222.00000 	 630.00000 	 95.00000 	 4.80849 	 -0.53749 	 -2.19924 	 
86346.50000 	 642.00000 	 89.00000 	 5.01872 	 -0.55841 	 -1.74338 	 
86325.50000 	 606.00000 	 95.00000 	 4.89768 	 -0.54365 	 -2.19924 	 
86232.20000 	 630.00000 	 95.00000 	 4.87455 	 -0.54379 	 -2.21711 	 
86238.50000 	 620.00000 	 95.00000 	 4.92704 	 -0.54805 	 -2.20692 	 
86225.90000 	 630.00000 	 95.00000 	 4.80967 	 -0.53934 	 -2.19924 	 
86225.00000 	 630.00000 	 95.00000 	 4.85029 	 -0.54104 	 -2.20692 	 
86223.20000 	 630.00000 	 95.00000 	 4.82673 	 -0.53710 	 -2.23903 	 
86445.50000 	 510.00000 	 95.00000 	 5.02001 	 -0.54317 	 -1.97812 	 
86466.80000 	 496.00000 	 95.00000 	 5.05408 	 -0.54760 	 -1.97363 	 
86448.20000 	 510.00000 	 95.00000 	 5.02016 	 -0.54816 	 -1.97812 	 
86531.60000 	 476.00000 	 95.00000 	 5.07996 	 -0.55347 	 -1.94099 	 
86549.30000 	 474.00000 	 95.00000 	 5.10293 	 -0.55396 	 -1.94511 	 
86676.80000 	 444.00000 	 95.00000 	 5.16047 	 -0.56299 	 -1.92316 	 
86670.50000 	 446.00000 	 95.00000 	 5.23243 	 -0.56390 	 -1.92316 	 
86692.70000 	 445.00000 	 95.00000 	 5.15175 	 -0.56257 	 -1.92316 	 
86211.50000 	 710.00000 	 86.00000 	 4.81847 	 -0.53603 	 -1.78283 	 
86325.20000 	 692.00000 	 86.00000 	 4.83357 	 -0.53763 	 -1.72014 	 
86308.70000 	 712.00000 	 86.00000 	 5.66022 	 -0.56971 	 -1.78283 	 
86287.40000 	 711.00000 	 86.00000 	 4.80314 	 -0.53633 	 -1.78283 	 
86283.20000 	 710.00000 	 86.00000 	 4.49043 	 -0.53273 	 -1.78283 	 
86275.70000 	 710.00000 	 86.00000 	 4.81995 	 -0.53971 	 -1.73801 	 
86249.30000 	 712.00000 	 88.70000 	 4.79669 	 -0.53669 	 -2.09211 	 
86224.40000 	 700.00000 	 86.00000 	 4.89519 	 -0.54105 	 -1.78283 	 
86342.00000 	 689.00000 	 86.00000 	 4.51747 	 -0.53447 	 -1.78283 	 
86336.90000 	 602.00000 	 94.10000 	 4.97401 	 -0.54667 	 -2.10526 	 
86240.90000 	 618.00000 	 95.00000 	 4.93394 	 -0.54634 	 -2.20692 	 
86240.60000 	 618.00000 	 95.00000 	 4.90421 	 -0.54507 	 -2.19924 	 
86331.20000 	 548.00000 	 95.00000 	 4.95954 	 -0.56005 	 -2.03604 	 
86322.80000 	 552.00000 	 95.00000 	 5.03199 	 -0.56121 	 -2.04139 	 
86431.40000 	 514.00000 	 95.00000 	 5.10284 	 -0.55275 	 -1.98529 	 
86414.60000 	 514.00000 	 95.00000 	 5.02337 	 -0.55076 	 -1.98529 	 
86531.60000 	 476.00000 	 95.00000 	 5.10586 	 -0.55445 	 -1.94099 	 
86587.70000 	 468.00000 	 95.00000 	 4.65618 	 -0.55310 	 -1.94511 	 
86679.20000 	 444.00000 	 95.00000 	 5.12328 	 -0.55355 	 -1.92316 	 
86812.40000 	 424.00000 	 95.00000 	 5.15088 	 -0.57348 	 -1.91707 	 
86771.60000 	 428.00000 	 95.00000 	 5.14150 	 -0.55193 	 -1.91707 	 
86845.40000 	 423.00000 	 95.00000 	 5.15311 	 -0.57327 	 -1.91707 	 
86216.30000 	 730.00000 	 83.00000 	 4.77796 	 -0.53232 	 -1.50771 	 
86250.50000 	 726.00000 	 83.00000 	 4.80718 	 -0.53347 	 -1.50771 	 
86245.40000 	 712.00000 	 83.00000 	 4.75876 	 -0.52865 	 -1.40321 	 
86480.30000 	 709.00000 	 83.00000 	 4.50146 	 -0.53584 	 -1.41516 	 
86241.80000 	 628.00000 	 92.00000 	 4.83313 	 -0.54475 	 -2.01621 	 
86222.60000 	 640.00000 	 92.00000 	 4.82556 	 -0.54049 	 -2.01621 	 
86442.80000 	 610.00000 	 92.00000 	 4.49278 	 -0.54502 	 -2.01621 	 
86325.80000 	 550.00000 	 95.00000 	 5.03181 	 -0.56115 	 -2.04139 	 
86323.40000 	 556.00000 	 95.00000 	 5.02658 	 -0.55942 	 -2.04139 	 
88763.60000 	 467.00000 	 95.00000 	 5.24202 	 -0.60125 	 -2.04139 	 
86405.00000 	 516.00000 	 95.00000 	 5.00153 	 -0.55108 	 -1.98073 	 
86379.20000 	 536.00000 	 95.00000 	 4.98550 	 -0.54337 	 -2.03604 	 
86436.20000 	 528.00000 	 95.00000 	 4.99952 	 -0.54169 	 -2.04139 	 
86562.50000 	 472.00000 	 95.00000 	 5.11411 	 -0.54691 	 -1.93744 	 
86667.80000 	 446.00000 	 95.00000 	 5.12369 	 -0.56369 	 -1.91707 	 
86787.80000 	 426.00000 	 95.00000 	 5.14759 	 -0.56567 	 -1.91707 	 
86219.30000 	 730.00000 	 83.00000 	 4.79598 	 -0.53455 	 -1.46950 	 
86242.10000 	 726.00000 	 83.00000 	 4.80607 	 -0.53167 	 -1.50771 	 
86226.80000 	 728.00000 	 83.00000 	 4.81633 	 -0.53303 	 -1.50771 	 
86222.90000 	 730.00000 	 83.00000 	 4.78779 	 -0.53411 	 -1.48602 	 
86221.10000 	 730.00000 	 83.00000 	 4.78769 	 -0.53413 	 -1.45715 	 
86218.10000 	 640.00000 	 92.00000 	 4.84875 	 -0.53845 	 -2.01621 	 
86328.50000 	 624.00000 	 89.00000 	 5.02643 	 -0.55198 	 -1.73743 	 
86243.90000 	 626.00000 	 92.00000 	 4.85717 	 -0.54556 	 -2.01005 	 
86229.80000 	 640.00000 	 92.00000 	 4.85843 	 -0.53155 	 -2.06334 	 
95734.10000 	 156.00000 	 102.20000 	 3.80559 	 -0.56166 	 -2.19960 	 
86389.70000 	 540.00000 	 95.00000 	 4.56598 	 -0.56046 	 -2.04139 	 
86372.30000 	 546.00000 	 95.00000 	 4.98873 	 -0.55809 	 -2.04139 	 
86351.90000 	 544.00000 	 95.00000 	 4.99118 	 -0.55977 	 -2.04139 	 
86447.60000 	 524.00000 	 95.00000 	 5.08444 	 -0.56372 	 -1.97812 	 
86414.30000 	 522.00000 	 95.00000 	 5.07997 	 -0.55151 	 -2.04139 	 
86409.80000 	 518.00000 	 95.00000 	 5.00546 	 -0.55022 	 -2.03604 	 
86574.50000 	 470.00000 	 95.00000 	 4.65299 	 -0.55290 	 -1.94099 	 
86219.30000 	 732.00000 	 82.40000 	 4.76576 	 -0.53194 	 -1.44934 	 
86229.80000 	 730.00000 	 83.00000 	 4.89742 	 -0.53491 	 -1.50771 	 
86221.10000 	 730.00000 	 83.00000 	 4.79608 	 -0.53452 	 -1.50771 	 
86220.50000 	 650.00000 	 89.00000 	 4.84284 	 -0.53930 	 -1.87978 	 
86329.10000 	 616.00000 	 89.00000 	 4.95985 	 -0.55108 	 -1.99517 	 
86252.00000 	 632.00000 	 89.00000 	 4.92039 	 -0.54233 	 -1.87978 	 
86236.10000 	 642.00000 	 89.00000 	 4.86965 	 -0.53233 	 -1.87978 	 
86238.20000 	 642.00000 	 89.00000 	 4.84433 	 -0.53280 	 -1.96840 	 
86237.90000 	 640.00000 	 89.00000 	 4.92060 	 -0.54743 	 -1.87978 	 
86221.40000 	 650.00000 	 89.00000 	 4.80235 	 -0.53761 	 -1.85553 	 
86384.30000 	 639.00000 	 89.00000 	 5.71249 	 -0.55551 	 -1.87978 	 
86387.90000 	 544.00000 	 95.00000 	 4.96639 	 -0.55746 	 -2.03604 	 
86369.00000 	 545.00000 	 95.00000 	 4.96848 	 -0.55769 	 -2.03604 	 
86341.40000 	 546.00000 	 95.00000 	 4.96663 	 -0.55819 	 -2.03604 	 
86312.90000 	 558.00000 	 95.00000 	 5.02184 	 -0.56807 	 -2.03604 	 
86408.60000 	 520.00000 	 95.00000 	 5.00418 	 -0.55126 	 -2.03604 	 
86692.70000 	 445.00000 	 95.00000 	 5.12326 	 -0.55978 	 -1.91707 	 
86698.10000 	 442.00000 	 95.00000 	 5.15345 	 -0.56711 	 -1.92093 	 
86787.50000 	 429.00000 	 95.00000 	 5.13943 	 -0.56445 	 -1.91707 	 
86234.60000 	 642.00000 	 95.00000 	 4.82745 	 -0.53352 	 -2.26871 	 
86222.00000 	 642.00000 	 95.00000 	 4.84840 	 -0.52974 	 -2.26871 	 
86363.30000 	 640.00000 	 95.00000 	 4.90784 	 -0.54019 	 -2.28520 	 
86312.30000 	 558.00000 	 95.00000 	 5.00399 	 -0.56516 	 -2.03604 	 
86360.90000 	 552.00000 	 95.00000 	 4.98116 	 -0.55969 	 -2.14508 	 
86337.80000 	 546.00000 	 95.00000 	 4.96677 	 -0.55912 	 -2.03604 	 
86320.40000 	 556.00000 	 95.00000 	 4.93714 	 -0.56340 	 -2.03604 	 
86267.00000 	 590.00000 	 95.00000 	 4.91670 	 -0.55606 	 -2.07145 	 
86473.40000 	 500.00000 	 95.00000 	 5.05040 	 -0.54458 	 -2.00071 	 
86201.90000 	 680.00000 	 92.00000 	 4.83349 	 -0.53186 	 -2.08885 	 
86303.30000 	 600.00000 	 92.00000 	 4.92205 	 -0.54777 	 -1.96468 	 
86246.30000 	 616.00000 	 95.00000 	 4.85845 	 -0.54517 	 -2.19924 	 
86366.30000 	 552.00000 	 95.00000 	 5.05868 	 -0.56243 	 -2.12688 	 
86346.50000 	 546.00000 	 95.00000 	 5.06963 	 -0.56128 	 -2.03604 	 
86329.10000 	 556.00000 	 95.00000 	 5.00636 	 -0.56000 	 -2.12688 	 
86331.80000 	 566.00000 	 95.00000 	 4.94755 	 -0.55315 	 -2.13316 	 
86309.00000 	 568.00000 	 95.00000 	 4.92558 	 -0.55185 	 -2.13316 	 
86325.80000 	 550.00000 	 95.00000 	 5.06369 	 -0.56242 	 -2.04139 	 
86366.60000 	 547.00000 	 95.00000 	 4.96183 	 -0.55600 	 -2.03604 	 
86317.70000 	 562.00000 	 95.00000 	 5.02783 	 -0.55629 	 -2.04139 	 
86309.90000 	 562.00000 	 95.00000 	 4.95106 	 -0.55571 	 -2.04139 	 
86486.30000 	 535.00000 	 95.00000 	 4.99090 	 -0.55905 	 -2.03604 	 
86473.40000 	 500.00000 	 94.40000 	 5.05040 	 -0.54458 	 -1.95269 	 
86430.80000 	 517.00000 	 95.00000 	 4.58925 	 -0.55525 	 -1.98529 	 
86220.20000 	 650.00000 	 92.00000 	 4.92169 	 -0.54336 	 -2.06334 	 
86253.80000 	 652.00000 	 92.00000 	 4.85084 	 -0.53013 	 -2.06334 	 
86312.30000 	 558.00000 	 95.00000 	 5.02286 	 -0.56593 	 -2.03604 	 
86402.90000 	 544.00000 	 95.00000 	 4.99629 	 -0.55984 	 -2.14508 	 
86377.10000 	 546.00000 	 95.00000 	 4.99853 	 -0.55345 	 -2.15209 	 
86356.10000 	 544.00000 	 95.00000 	 4.98952 	 -0.55839 	 -2.04139 	 
86297.60000 	 570.00000 	 95.00000 	 5.04251 	 -0.55668 	 -2.06581 	 
86296.70000 	 570.00000 	 95.00000 	 4.92353 	 -0.55971 	 -2.04139 	 
86282.60000 	 578.00000 	 95.00000 	 5.01579 	 -0.56220 	 -2.06581 	 
86399.30000 	 518.00000 	 95.00000 	 5.09788 	 -0.55279 	 -2.03604 	 
86437.70000 	 518.00000 	 95.00000 	 5.02480 	 -0.55169 	 -2.04139 	 
86415.50000 	 519.00000 	 95.00000 	 5.10172 	 -0.55295 	 -2.04139 	 
86462.30000 	 517.00000 	 95.00000 	 4.28959 	 -0.54746 	 -2.04139 	 
86205.50000 	 660.00000 	 92.00000 	 4.82064 	 -0.53439 	 -2.10768 	 
86374.40000 	 650.00000 	 94.40000 	 4.82628 	 -0.51002 	 -2.12512 	 
86211.50000 	 680.00000 	 89.00000 	 4.86257 	 -0.53866 	 -1.93651 	 
86211.80000 	 660.00000 	 92.00000 	 4.86103 	 -0.53778 	 -2.10768 	 
86207.30000 	 660.00000 	 92.00000 	 4.84414 	 -0.53830 	 -2.06334 	 
86220.50000 	 630.00000 	 95.00000 	 4.82658 	 -0.53714 	 -2.20692 	 
86272.10000 	 612.00000 	 95.00000 	 4.88293 	 -0.52878 	 -2.20692 	 
86240.30000 	 620.00000 	 95.00000 	 4.88378 	 -0.52751 	 -2.20692 	 
86272.10000 	 612.00000 	 95.00000 	 4.85917 	 -0.52788 	 -2.20692 	 
86240.30000 	 620.00000 	 95.00000 	 4.86000 	 -0.52662 	 -2.20692 	 
86305.40000 	 562.00000 	 95.00000 	 4.95080 	 -0.55266 	 -2.04139 	 
86386.10000 	 574.00000 	 91.40000 	 5.03991 	 -0.56579 	 -1.82475 	 
86331.20000 	 548.00000 	 95.00000 	 4.98428 	 -0.56107 	 -2.03604 	 
86589.20000 	 530.00000 	 95.00000 	 5.00030 	 -0.56053 	 -2.15209 	 
86325.50000 	 550.00000 	 95.00000 	 5.03241 	 -0.56107 	 -2.03604 	 
86363.60000 	 550.00000 	 95.00000 	 4.94563 	 -0.54316 	 -2.04139 	 
86309.60000 	 560.00000 	 95.00000 	 4.95411 	 -0.55178 	 -2.04139 	 
86383.70000 	 538.00000 	 95.00000 	 5.02701 	 -0.55158 	 -2.03604 	 
86329.70000 	 548.00000 	 95.00000 	 5.03583 	 -0.56030 	 -2.03604 	 
86399.60000 	 518.00000 	 95.00000 	 5.11029 	 -0.55335 	 -2.04139 	 
86431.10000 	 512.00000 	 95.00000 	 5.03399 	 -0.55065 	 -1.98529 	 
86202.80000 	 660.00000 	 92.00000 	 4.82048 	 -0.53443 	 -2.06334 	 
86220.20000 	 650.00000 	 92.00000 	 4.89754 	 -0.54242 	 -2.06334 	 
86576.00000 	 630.00000 	 92.00000 	 4.92345 	 -0.53484 	 -2.06668 	 
86405.90000 	 542.00000 	 95.00000 	 4.99699 	 -0.56018 	 -2.14508 	 
86331.20000 	 564.00000 	 95.00000 	 4.97265 	 -0.55441 	 -2.15209 	 
86422.70000 	 514.00000 	 95.00000 	 5.02665 	 -0.55141 	 -2.04139 	 
86431.10000 	 512.00000 	 95.00000 	 5.03681 	 -0.55049 	 -2.04139 	 
86316.80000 	 728.00000 	 83.00000 	 4.79014 	 -0.54083 	 -1.50771 	 
86257.70000 	 727.00000 	 83.00000 	 4.78709 	 -0.53084 	 -1.50771 	 
86255.60000 	 717.00000 	 83.00000 	 4.78730 	 -0.53891 	 -1.50771 	 
86224.70000 	 728.00000 	 83.00000 	 4.78502 	 -0.53131 	 -1.50771 	 
86317.70000 	 728.00000 	 83.00000 	 4.79019 	 -0.54130 	 -1.50771 	 
86205.80000 	 670.00000 	 89.00000 	 4.82130 	 -0.53099 	 -1.92270 	 
86243.60000 	 662.00000 	 89.00000 	 4.84243 	 -0.52633 	 -1.92270 	 
86256.20000 	 662.00000 	 89.00000 	 4.82153 	 -0.53005 	 -1.92270 	 
86265.50000 	 612.00000 	 95.00000 	 4.89253 	 -0.52941 	 -2.20692 	 
86294.00000 	 570.00000 	 95.00000 	 4.96639 	 -0.55338 	 -2.04139 	 
86423.90000 	 550.00000 	 95.00000 	 4.97696 	 -0.55860 	 -2.04458 	 
86282.00000 	 582.00000 	 95.00000 	 4.96699 	 -0.55164 	 -2.07145 	 
86335.40000 	 546.00000 	 95.00000 	 4.98763 	 -0.56029 	 -2.03604 	 
86201.90000 	 680.00000 	 92.00000 	 4.81019 	 -0.53095 	 -2.08885 	 
86251.40000 	 646.00000 	 95.00000 	 4.82709 	 -0.52606 	 -2.29998 	 
86205.20000 	 650.00000 	 95.00000 	 4.82175 	 -0.53405 	 -2.26871 	 
86346.50000 	 652.00000 	 95.00000 	 6.89713 	 -0.55218 	 -2.26871 	 
86340.80000 	 588.00000 	 95.00000 	 4.92714 	 -0.54553 	 -2.23652 	 
86262.50000 	 590.00000 	 95.00000 	 4.91645 	 -0.55293 	 -2.07145 	 
86283.20000 	 578.00000 	 95.00000 	 5.01477 	 -0.56421 	 -2.06581 	 
86270.30000 	 590.00000 	 95.00000 	 4.91286 	 -0.54521 	 -2.13770 	 
86282.60000 	 578.00000 	 95.00000 	 4.99697 	 -0.56144 	 -2.06581 	 
86267.60000 	 590.00000 	 95.00000 	 4.91573 	 -0.56014 	 -2.07145 	 
86280.50000 	 580.00000 	 95.00000 	 4.99554 	 -0.56358 	 -2.07145 	 
86304.50000 	 568.00000 	 95.00000 	 5.01033 	 -0.55295 	 -2.07145 	 
86263.10000 	 590.00000 	 95.00000 	 4.91547 	 -0.55412 	 -2.07145 	 
86659.40000 	 528.00000 	 95.00000 	 5.04702 	 -0.55724 	 -2.03079 	 
86391.20000 	 536.00000 	 95.00000 	 4.96162 	 -0.55771 	 -2.03604 	 
86334.20000 	 556.00000 	 95.00000 	 4.92829 	 -0.56422 	 -2.11765 	 
86328.50000 	 558.00000 	 95.00000 	 5.01907 	 -0.56603 	 -2.11765 	 
86206.40000 	 680.00000 	 92.00000 	 4.81044 	 -0.53393 	 -2.08885 	 
86219.30000 	 670.00000 	 92.00000 	 4.88691 	 -0.53891 	 -2.08885 	 
86211.50000 	 680.00000 	 92.00000 	 4.81072 	 -0.53453 	 -2.08885 	 
86202.80000 	 660.00000 	 92.00000 	 4.84389 	 -0.53535 	 -2.06334 	 
86209.70000 	 650.00000 	 95.00000 	 4.82200 	 -0.53699 	 -2.26871 	 
86256.80000 	 632.00000 	 95.00000 	 4.91503 	 -0.53711 	 -2.26871 	 
86222.60000 	 640.00000 	 95.00000 	 4.85138 	 -0.53113 	 -2.26871 	 
86237.90000 	 620.00000 	 95.00000 	 4.90381 	 -0.54520 	 -2.20692 	 
86330.30000 	 640.00000 	 92.00000 	 4.93575 	 -0.54595 	 -2.00368 	 
86263.10000 	 590.00000 	 95.00000 	 4.92338 	 -0.55458 	 -2.07145 	 
86305.10000 	 568.00000 	 95.00000 	 4.95283 	 -0.55656 	 -2.06581 	 
86291.90000 	 582.00000 	 95.00000 	 4.92233 	 -0.55140 	 -2.07145 	 
86279.30000 	 582.00000 	 95.00000 	 4.94412 	 -0.54917 	 -2.07145 	 
86309.60000 	 562.00000 	 95.00000 	 4.94917 	 -0.54798 	 -2.04139 	 
86394.50000 	 578.00000 	 91.40000 	 5.03247 	 -0.55890 	 -1.82475 	 
86384.00000 	 564.00000 	 92.00000 	 5.00701 	 -0.55743 	 -1.87048 	 
86386.70000 	 562.00000 	 92.00000 	 5.00769 	 -0.55866 	 -1.87048 	 
86327.00000 	 552.00000 	 95.00000 	 5.02942 	 -0.55596 	 -2.04458 	 
86306.00000 	 566.00000 	 95.00000 	 4.94556 	 -0.55128 	 -2.04139 	 
86306.60000 	 564.00000 	 95.00000 	 4.94849 	 -0.54763 	 -2.04458 	 
86468.00000 	 592.00000 	 92.00000 	 5.11915 	 -0.58832 	 -1.87048 	 
86545.10000 	 639.00000 	 92.00000 	 4.92758 	 -0.51976 	 -2.08885 	 
86222.60000 	 640.00000 	 95.00000 	 4.89884 	 -0.54203 	 -2.26871 	 
86303.90000 	 608.00000 	 95.00000 	 4.45416 	 -0.54023 	 -2.20692 	 
86378.30000 	 588.00000 	 94.10000 	 4.98674 	 -0.54244 	 -2.03572 	 
86301.50000 	 570.00000 	 95.00000 	 5.01051 	 -0.55302 	 -2.07145 	 
86327.00000 	 594.00000 	 95.00000 	 4.86827 	 -0.53449 	 -2.07145 	 
86284.10000 	 580.00000 	 95.00000 	 4.92998 	 -0.54440 	 -2.07145 	 
86373.80000 	 548.00000 	 95.00000 	 4.94036 	 -0.54261 	 -2.05157 	 
86336.60000 	 548.00000 	 95.00000 	 4.95797 	 -0.55840 	 -2.03604 	 
86207.00000 	 710.00000 	 86.00000 	 4.80083 	 -0.53235 	 -1.78283 	 
86265.20000 	 706.00000 	 92.00000 	 4.84454 	 -0.53558 	 -2.08885 	 
86231.90000 	 714.00000 	 86.00000 	 4.89412 	 -0.53750 	 -1.78283 	 
86211.50000 	 710.00000 	 86.00000 	 4.80108 	 -0.53534 	 -1.78283 	 
86311.10000 	 690.00000 	 86.00000 	 4.51564 	 -0.53449 	 -1.78283 	 
86248.40000 	 652.00000 	 92.00000 	 4.85054 	 -0.52713 	 -2.06334 	 
86234.30000 	 649.00000 	 95.00000 	 4.81304 	 -0.52828 	 -2.26016 	 
86234.60000 	 642.00000 	 95.00000 	 4.85091 	 -0.53443 	 -2.26871 	 
86222.00000 	 642.00000 	 95.00000 	 4.87207 	 -0.53064 	 -2.26871 	 
86323.70000 	 607.00000 	 95.00000 	 4.86577 	 -0.53212 	 -2.20692 	 
86279.90000 	 580.00000 	 95.00000 	 4.99655 	 -0.56158 	 -2.07145 	 
86469.80000 	 592.00000 	 92.00000 	 5.11925 	 -0.58971 	 -1.87048 	 
86607.80000 	 530.00000 	 95.00000 	 5.01859 	 -0.57039 	 -1.96435 	 
86307.80000 	 566.00000 	 95.00000 	 4.94567 	 -0.55142 	 -2.04139 	 
86234.60000 	 709.00000 	 86.00000 	 4.82000 	 -0.53224 	 -1.78283 	 
86214.20000 	 710.00000 	 86.00000 	 4.81862 	 -0.53666 	 -1.78283 	 
86275.70000 	 706.00000 	 86.00000 	 4.09727 	 -0.52917 	 -1.78283 	 
86232.20000 	 652.00000 	 92.00000 	 4.84783 	 -0.52258 	 -2.06334 	 
86210.60000 	 660.00000 	 92.00000 	 4.81559 	 -0.53283 	 -2.06334 	 
86208.20000 	 660.00000 	 92.00000 	 4.81562 	 -0.52027 	 -1.98285 	 
86348.60000 	 635.00000 	 92.00000 	 4.85503 	 -0.54526 	 -2.05654 	 
86368.70000 	 552.00000 	 95.00000 	 4.96872 	 -0.55125 	 -2.03920 	 
86327.00000 	 552.00000 	 95.00000 	 5.06127 	 -0.55721 	 -2.04458 	 
86231.00000 	 726.00000 	 86.00000 	 4.79783 	 -0.53519 	 -1.78283 	 
86261.60000 	 709.00000 	 86.00000 	 4.80411 	 -0.52724 	 -1.78283 	 
86319.20000 	 643.00000 	 92.00000 	 4.84928 	 -0.54574 	 -2.05654 	 
86221.10000 	 650.00000 	 92.00000 	 4.91838 	 -0.54324 	 -2.06334 	 
86558.60000 	 626.00000 	 92.00000 	 4.92886 	 -0.53391 	 -2.03613 	 
86203.70000 	 660.00000 	 92.00000 	 4.85007 	 -0.53552 	 -2.05654 	 
86447.90000 	 597.00000 	 95.00000 	 4.48884 	 -0.53713 	 -2.20692 	 
86294.90000 	 572.00000 	 95.00000 	 5.02307 	 -0.55607 	 -2.07145 	 
86280.20000 	 582.00000 	 95.00000 	 4.94230 	 -0.54789 	 -2.07145 	 
86277.50000 	 582.00000 	 95.00000 	 4.94215 	 -0.54759 	 -2.07145 	 
86390.30000 	 567.00000 	 95.00000 	 4.56464 	 -0.56008 	 -2.07145 	 
86389.40000 	 536.00000 	 95.00000 	 4.95434 	 -0.55049 	 -2.03604 	 
86335.40000 	 548.00000 	 95.00000 	 4.95790 	 -0.55525 	 -2.03604 	 
86220.20000 	 670.00000 	 92.00000 	 4.88364 	 -0.53879 	 -2.08885 	 
86205.20000 	 650.00000 	 95.00000 	 4.84517 	 -0.53497 	 -2.26871 	 
86341.10000 	 640.00000 	 95.00000 	 4.85690 	 -0.53200 	 -2.26871 	 
86204.60000 	 680.00000 	 92.00000 	 4.81034 	 -0.53123 	 -2.08885 	 
86322.50000 	 679.00000 	 92.00000 	 4.81716 	 -0.54018 	 -2.08885 	 
86273.90000 	 722.00000 	 89.00000 	 4.71553 	 -0.52164 	 -1.94423 	 
86216.30000 	 682.00000 	 92.00000 	 4.81051 	 -0.53454 	 -2.08885 	 
86210.60000 	 662.00000 	 92.00000 	 4.82044 	 -0.53536 	 -2.06334 	 
86444.60000 	 634.00000 	 88.10000 	 4.46932 	 -0.53565 	 -1.92827 	 
86219.60000 	 652.00000 	 95.00000 	 4.84549 	 -0.53854 	 -2.26871 	 
96090.20000 	 309.00000 	 102.00000 	 5.61448 	 -0.59921 	 -2.17189 	 
86225.60000 	 630.00000 	 95.00000 	 4.82589 	 -0.54396 	 -2.20692 	 
86225.00000 	 630.00000 	 95.00000 	 4.82683 	 -0.54011 	 -2.20692 	 
95596.40000 	 205.00000 	 105.20000 	 5.49885 	 -0.58786 	 -2.43111 	 
86263.40000 	 590.00000 	 95.00000 	 4.89866 	 -0.55213 	 -2.06581 	 
86276.30000 	 586.00000 	 95.00000 	 4.96323 	 -0.54913 	 -2.07145 	 
86269.40000 	 590.00000 	 95.00000 	 4.92442 	 -0.54777 	 -2.15209 	 
86280.50000 	 580.00000 	 95.00000 	 5.02066 	 -0.56460 	 -2.07145 	 
86265.80000 	 590.00000 	 95.00000 	 4.88232 	 -0.54199 	 -2.14508 	 
86265.20000 	 590.00000 	 95.00000 	 4.91660 	 -0.55289 	 -2.09457 	 
86234.90000 	 659.00000 	 92.00000 	 4.82252 	 -0.53691 	 -2.06334 	 
86230.40000 	 659.00000 	 92.00000 	 4.82227 	 -0.53363 	 -2.06334 	 
86217.20000 	 662.00000 	 92.00000 	 4.84421 	 -0.53892 	 -2.06334 	 
86242.10000 	 620.00000 	 95.00000 	 4.85485 	 -0.54524 	 -2.20692 	 
86240.60000 	 618.00000 	 95.00000 	 4.92235 	 -0.54579 	 -2.19924 	 
86263.10000 	 590.00000 	 95.00000 	 4.93979 	 -0.55511 	 -2.07145 	 
86297.00000 	 578.00000 	 95.00000 	 5.00067 	 -0.56121 	 -2.07145 	 
86297.90000 	 572.00000 	 95.00000 	 5.04103 	 -0.55213 	 -2.13770 	 
86285.90000 	 580.00000 	 95.00000 	 5.03116 	 -0.55535 	 -2.15209 	 
86273.00000 	 590.00000 	 95.00000 	 4.95022 	 -0.54996 	 -2.15209 	 
86280.50000 	 582.00000 	 95.00000 	 4.95953 	 -0.54377 	 -2.13770 	 
86282.30000 	 580.00000 	 95.00000 	 5.00451 	 -0.55207 	 -2.20800 	 
86264.90000 	 590.00000 	 95.00000 	 4.92416 	 -0.54371 	 -2.20800 	 
86225.90000 	 696.00000 	 92.00000 	 4.83045 	 -0.53470 	 -2.08885 	 
86219.30000 	 670.00000 	 92.00000 	 4.91096 	 -0.53985 	 -2.08885 	 
86216.30000 	 682.00000 	 92.00000 	 4.83381 	 -0.53546 	 -2.08885 	 
86248.40000 	 652.00000 	 92.00000 	 4.82708 	 -0.52624 	 -2.06334 	 
86348.60000 	 630.00000 	 95.00000 	 4.45626 	 -0.54003 	 -2.26871 	 
86356.10000 	 630.00000 	 95.00000 	 4.45665 	 -0.54295 	 -2.26871 	 
86341.10000 	 602.00000 	 94.10000 	 4.89956 	 -0.54489 	 -2.10526 	 
86242.10000 	 620.00000 	 95.00000 	 4.83135 	 -0.54429 	 -2.20692 	 
86384.30000 	 619.00000 	 95.00000 	 5.68992 	 -0.55321 	 -2.20692 	 
86262.50000 	 590.00000 	 95.00000 	 4.94078 	 -0.55392 	 -2.07145 	 
86384.00000 	 643.00000 	 92.00000 	 4.52528 	 -0.54177 	 -2.03613 	 
86648.00000 	 617.00000 	 92.00000 	 4.50942 	 -0.51490 	 -2.15512 	 
86278.70000 	 650.00000 	 95.00000 	 5.69647 	 -0.54747 	 -2.26871 	 
86286.20000 	 650.00000 	 95.00000 	 5.69696 	 -0.55048 	 -2.26871 	 
86308.10000 	 580.00000 	 95.00000 	 4.92629 	 -0.55418 	 -2.07145 	 
86295.50000 	 580.00000 	 95.00000 	 4.94811 	 -0.55193 	 -2.07145 	 
86284.70000 	 716.00000 	 86.00000 	 4.92960 	 -0.53900 	 -1.85218 	 
86294.30000 	 698.00000 	 86.00000 	 4.87607 	 -0.52717 	 -1.78283 	 
86297.30000 	 652.00000 	 92.00000 	 4.52515 	 -0.53637 	 -2.06334 	 
86296.40000 	 600.00000 	 95.00000 	 4.87520 	 -0.53101 	 -2.13135 	 
86223.50000 	 640.00000 	 95.00000 	 4.89556 	 -0.54190 	 -2.26871 	 
86232.20000 	 700.00000 	 92.00000 	 4.80584 	 -0.53022 	 -2.08885 	 
86648.60000 	 630.00000 	 92.00000 	 5.76704 	 -0.54706 	 -2.06668 	 
86216.90000 	 648.00000 	 95.00000 	 4.85466 	 -0.53455 	 -2.26871 	 
86239.10000 	 622.00000 	 95.00000 	 4.85157 	 -0.53171 	 -2.20692 	 
86450.60000 	 600.00000 	 95.00000 	 4.49416 	 -0.54460 	 -2.20692 	 
86251.40000 	 646.00000 	 94.40000 	 4.82709 	 -0.52606 	 -2.24478 	 
86216.60000 	 648.00000 	 95.00000 	 4.84344 	 -0.53402 	 -2.26016 	 
86211.80000 	 650.00000 	 95.00000 	 4.42277 	 -0.53624 	 -2.30462 	 
86209.70000 	 650.00000 	 95.00000 	 4.84542 	 -0.53792 	 -2.26871 	 
86207.90000 	 650.00000 	 95.00000 	 4.82190 	 -0.53401 	 -2.30462 	 
86656.40000 	 620.00000 	 95.00000 	 5.76917 	 -0.55009 	 -2.26584 	 
86298.50000 	 648.00000 	 94.40000 	 4.85344 	 -0.54152 	 -2.23687 	 
86263.10000 	 608.00000 	 95.00000 	 4.86170 	 -0.54027 	 -2.19924 	 
86246.90000 	 616.00000 	 95.00000 	 4.84163 	 -0.53978 	 -2.19924 	 
86273.60000 	 656.00000 	 95.00000 	 4.84950 	 -0.54138 	 -2.26871 	 
86381.30000 	 600.00000 	 95.00000 	 4.87876 	 -0.54513 	 -2.20692 	 
86234.90000 	 679.00000 	 92.00000 	 4.81227 	 -0.53048 	 -2.08885 	 
86267.00000 	 640.00000 	 92.00000 	 4.91376 	 -0.54550 	 -2.06334 	 
86518.40000 	 640.00000 	 92.00000 	 4.86326 	 -0.52009 	 -2.15512 	 
86221.40000 	 648.00000 	 95.00000 	 4.82557 	 -0.53668 	 -2.26871 	 
86219.60000 	 652.00000 	 95.00000 	 4.82207 	 -0.53761 	 -2.26871 	 
86212.40000 	 650.00000 	 95.00000 	 4.82215 	 -0.53695 	 -2.30462 	 
86259.80000 	 649.00000 	 95.00000 	 4.82505 	 -0.52891 	 -2.26871 	 
86206.10000 	 650.00000 	 95.00000 	 4.80463 	 -0.53331 	 -2.26016 	 
86210.60000 	 652.00000 	 94.70000 	 4.85324 	 -0.53724 	 -2.24054 	 
86282.90000 	 600.00000 	 94.40000 	 4.88811 	 -0.53762 	 -2.12359 	 
86263.10000 	 608.00000 	 95.00000 	 4.88549 	 -0.54121 	 -2.19924 	 
86256.50000 	 610.00000 	 95.00000 	 4.85714 	 -0.53813 	 -2.15209 	 
86302.40000 	 612.00000 	 89.00000 	 4.95652 	 -0.53451 	 -1.89914 	 
86273.90000 	 600.00000 	 95.00000 	 4.89300 	 -0.53373 	 -2.20800 	 
86263.70000 	 659.00000 	 92.00000 	 4.82956 	 -0.53724 	 -2.05654 	 
86302.40000 	 608.00000 	 95.00000 	 4.84818 	 -0.54225 	 -2.20692 	 
86303.30000 	 608.00000 	 95.00000 	 4.84823 	 -0.54275 	 -2.20692 	 
86313.20000 	 594.00000 	 94.40000 	 4.92245 	 -0.54585 	 -2.18284 	 
86279.90000 	 604.00000 	 95.00000 	 4.89068 	 -0.53942 	 -2.20800 	 
86290.10000 	 630.00000 	 95.00000 	 4.55061 	 -0.53321 	 -2.20692 	 
86263.70000 	 708.00000 	 89.00000 	 4.78560 	 -0.52288 	 -1.88411 	 
86284.70000 	 658.00000 	 92.00000 	 4.43450 	 -0.53845 	 -2.08885 	 
86207.30000 	 660.00000 	 92.00000 	 4.82074 	 -0.53737 	 -2.06334 	 
86499.20000 	 628.00000 	 92.00000 	 4.90687 	 -0.53504 	 -2.03613 	 
86807.00000 	 596.00000 	 92.00000 	 4.97376 	 -0.52943 	 -2.03967 	 
86286.20000 	 650.00000 	 95.00000 	 5.66465 	 -0.54951 	 -2.26871 	 
86237.90000 	 620.00000 	 95.00000 	 4.92802 	 -0.54616 	 -2.20692 	 
86285.30000 	 630.00000 	 95.00000 	 4.55194 	 -0.53557 	 -2.20692 	 
86274.80000 	 690.00000 	 88.70000 	 4.36123 	 -0.52568 	 -2.00731 	 
86268.80000 	 694.00000 	 92.00000 	 4.82199 	 -0.53377 	 -2.16425 	 
86209.70000 	 710.00000 	 86.00000 	 4.80098 	 -0.53263 	 -1.78283 	 
86297.60000 	 708.00000 	 86.00000 	 4.47873 	 -0.53211 	 -1.78283 	 
86391.80000 	 638.00000 	 92.00000 	 4.88200 	 -0.54242 	 -2.06334 	 
86227.10000 	 662.00000 	 92.00000 	 4.80837 	 -0.52509 	 -2.05654 	 
86289.50000 	 636.00000 	 94.10000 	 4.86278 	 -0.53534 	 -2.21603 	 
86267.30000 	 616.00000 	 95.00000 	 4.84098 	 -0.53589 	 -2.19924 	 
86323.70000 	 607.00000 	 95.00000 	 4.88959 	 -0.53303 	 -2.20692 	 
86233.70000 	 622.00000 	 95.00000 	 4.85307 	 -0.53325 	 -2.20692 	 
86554.10000 	 600.00000 	 95.00000 	 4.89906 	 -0.51754 	 -2.31781 	 
