404634.70000 	 3993.00000 	 118.70000 	 
404666.80000 	 3977.00000 	 118.70000 	 
404895.20000 	 3680.00000 	 118.70000 	 
404712.80000 	 3711.00000 	 119.00000 	 
447304.30000 	 1716.00000 	 126.00000 	 
404723.10000 	 3707.00000 	 119.00000 	 
404932.50000 	 3483.00000 	 122.00000 	 
404943.90000 	 3469.00000 	 122.00000 	 
404928.80000 	 3485.00000 	 122.00000 	 
405183.30000 	 3321.00000 	 128.00000 	 
405196.30000 	 3311.00000 	 128.00000 	 
405206.70000 	 3315.00000 	 122.00000 	 
405254.10000 	 3299.00000 	 122.00000 	 
405255.90000 	 3297.00000 	 122.00000 	 
405563.80000 	 3244.00000 	 122.00000 	 
405461.10000 	 3264.00000 	 122.00000 	 
405384.30000 	 3270.00000 	 122.00000 	 
405266.80000 	 3299.00000 	 119.00000 	 
405181.00000 	 3323.00000 	 122.00000 	 
405216.70000 	 3327.00000 	 118.40000 	 
405300.90000 	 3309.00000 	 118.40000 	 
405347.10000 	 3273.00000 	 118.40000 	 
405241.90000 	 3323.00000 	 118.40000 	 
405851.20000 	 3023.00000 	 128.00000 	 
405823.40000 	 3039.00000 	 122.00000 	 
405921.10000 	 3009.00000 	 122.00000 	 
406041.90000 	 2986.00000 	 122.00000 	 
405865.90000 	 3025.00000 	 122.00000 	 
405965.50000 	 2999.00000 	 122.00000 	 
406214.20000 	 2897.00000 	 128.00000 	 
406167.30000 	 2917.00000 	 128.00000 	 
406511.60000 	 2865.00000 	 128.00000 	 
406500.70000 	 2866.00000 	 128.00000 	 
406214.20000 	 2907.00000 	 122.00000 	 
406471.50000 	 2885.00000 	 122.00000 	 
406245.70000 	 2899.00000 	 122.00000 	 
406280.70000 	 2891.00000 	 122.00000 	 
406254.90000 	 2897.00000 	 122.00000 	 
406315.70000 	 2937.00000 	 119.00000 	 
406335.80000 	 2889.00000 	 122.00000 	 
406680.10000 	 2780.00000 	 128.00000 	 
406586.10000 	 2798.00000 	 128.00000 	 
406621.60000 	 2790.00000 	 128.00000 	 
406551.40000 	 2814.00000 	 128.00000 	 
406568.70000 	 2812.00000 	 122.00000 	 
406657.50000 	 2802.00000 	 122.00000 	 
406624.50000 	 2804.00000 	 122.00000 	 
406512.00000 	 2822.00000 	 122.00000 	 
406757.00000 	 2792.00000 	 122.00000 	 
407305.20000 	 2632.00000 	 134.00000 	 
407322.40000 	 2630.00000 	 134.00000 	 
407370.10000 	 2618.00000 	 134.00000 	 
407394.30000 	 2624.00000 	 128.00000 	 
407403.30000 	 2622.00000 	 128.00000 	 
407403.70000 	 2616.00000 	 134.00000 	 
407309.40000 	 2632.00000 	 128.00000 	 
407836.10000 	 2726.00000 	 119.00000 	 
407228.50000 	 2654.00000 	 128.00000 	 
407259.40000 	 2649.00000 	 128.00000 	 
407279.40000 	 2640.00000 	 128.00000 	 
407264.10000 	 2644.00000 	 128.00000 	 
407372.10000 	 2628.00000 	 128.00000 	 
407345.50000 	 2630.00000 	 128.00000 	 
407360.10000 	 2632.00000 	 122.00000 	 
407657.80000 	 2561.00000 	 134.00000 	 
407925.40000 	 2529.00000 	 134.00000 	 
407676.30000 	 2555.00000 	 134.00000 	 
407719.60000 	 2553.00000 	 134.00000 	 
407744.70000 	 2547.00000 	 134.00000 	 
407805.90000 	 2537.00000 	 134.00000 	 
407588.40000 	 2577.00000 	 128.00000 	 
407660.20000 	 2569.00000 	 128.00000 	 
407763.50000 	 2545.00000 	 128.00000 	 
407777.30000 	 2543.00000 	 128.00000 	 
407695.00000 	 2555.00000 	 128.00000 	 
408256.90000 	 2540.00000 	 128.00000 	 
407743.20000 	 2549.00000 	 128.00000 	 
407720.40000 	 2551.00000 	 128.00000 	 
408299.30000 	 2445.00000 	 134.00000 	 
408337.90000 	 2439.00000 	 134.00000 	 
408488.10000 	 2419.00000 	 134.00000 	 
408366.10000 	 2437.00000 	 134.00000 	 
408285.10000 	 2449.00000 	 134.00000 	 
408298.30000 	 2449.00000 	 128.00000 	 
408314.80000 	 2445.00000 	 128.00000 	 
408450.60000 	 2423.00000 	 128.00000 	 
408352.80000 	 2441.00000 	 128.00000 	 
408381.10000 	 2437.00000 	 128.00000 	 
408520.90000 	 2508.00000 	 119.00000 	 
408264.40000 	 2461.00000 	 128.00000 	 
408381.20000 	 2435.00000 	 128.00000 	 
408430.80000 	 2427.00000 	 128.00000 	 
408481.20000 	 2493.00000 	 122.00000 	 
408481.50000 	 2465.00000 	 122.00000 	 
408536.40000 	 2417.00000 	 128.00000 	 
409486.80000 	 2259.00000 	 134.00000 	 
409425.30000 	 2267.00000 	 134.00000 	 
409527.50000 	 2271.00000 	 128.00000 	 
409360.40000 	 2285.00000 	 134.00000 	 
409372.00000 	 2283.00000 	 134.00000 	 
409438.20000 	 2265.00000 	 134.00000 	 
409557.30000 	 2255.00000 	 134.00000 	 
409434.10000 	 2275.00000 	 128.00000 	 
409361.30000 	 2285.00000 	 128.00000 	 
409393.80000 	 2279.00000 	 128.00000 	 
409635.70000 	 2264.00000 	 128.00000 	 
409576.50000 	 2270.00000 	 128.00000 	 
409587.30000 	 2268.00000 	 128.00000 	 
409657.80000 	 2249.00000 	 140.00000 	 
411056.70000 	 2214.00000 	 128.00000 	 
409305.30000 	 2289.00000 	 128.00000 	 
409311.10000 	 2287.00000 	 128.00000 	 
409287.10000 	 2293.00000 	 128.00000 	 
404627.50000 	 3987.00000 	 119.00000 	 
404686.40000 	 3755.00000 	 119.00000 	 
405042.00000 	 3553.00000 	 118.70000 	 
404832.20000 	 3563.00000 	 122.00000 	 
404872.60000 	 3555.00000 	 119.00000 	 
404853.80000 	 3575.00000 	 119.00000 	 
404838.20000 	 3587.00000 	 119.00000 	 
405041.60000 	 3411.00000 	 122.00000 	 
405001.70000 	 3433.00000 	 122.00000 	 
405346.00000 	 3268.00000 	 128.00000 	 
405207.10000 	 3301.00000 	 128.00000 	 
405226.60000 	 3301.00000 	 122.00000 	 
405440.60000 	 3268.00000 	 122.00000 	 
405217.80000 	 3309.00000 	 122.00000 	 
405616.50000 	 3242.00000 	 122.00000 	 
405510.90000 	 3252.00000 	 122.00000 	 
405515.30000 	 3245.00000 	 122.00000 	 
405286.60000 	 3279.00000 	 122.00000 	 
405295.60000 	 3276.00000 	 122.00000 	 
405291.10000 	 3277.00000 	 122.00000 	 
405201.40000 	 3319.00000 	 122.00000 	 
405778.90000 	 3051.00000 	 128.00000 	 
405783.10000 	 3063.00000 	 122.00000 	 
405754.90000 	 3071.00000 	 122.00000 	 
405747.00000 	 3075.00000 	 122.00000 	 
406102.20000 	 2933.00000 	 128.00000 	 
406073.00000 	 2941.00000 	 128.00000 	 
406043.80000 	 2951.00000 	 128.00000 	 
406044.40000 	 2965.00000 	 122.00000 	 
406147.60000 	 2964.00000 	 122.00000 	 
406176.80000 	 2943.00000 	 122.00000 	 
406208.80000 	 2899.00000 	 128.00000 	 
406363.60000 	 2867.00000 	 128.00000 	 
406361.40000 	 2868.00000 	 128.00000 	 
406283.80000 	 2883.00000 	 128.00000 	 
406262.60000 	 2887.00000 	 128.00000 	 
406295.20000 	 2877.00000 	 128.00000 	 
406234.90000 	 2893.00000 	 128.00000 	 
406557.10000 	 2804.00000 	 128.00000 	 
406559.50000 	 2802.00000 	 128.00000 	 
407003.80000 	 2759.00000 	 128.00000 	 
406787.40000 	 2779.00000 	 128.00000 	 
406599.40000 	 2792.00000 	 128.00000 	 
406920.30000 	 2768.00000 	 128.00000 	 
406897.20000 	 2770.00000 	 128.00000 	 
406835.40000 	 2777.00000 	 128.00000 	 
407208.90000 	 2654.00000 	 134.00000 	 
407239.50000 	 2652.00000 	 134.00000 	 
407124.30000 	 2674.00000 	 128.00000 	 
407084.90000 	 2682.00000 	 128.00000 	 
407193.60000 	 2658.00000 	 128.00000 	 
407159.10000 	 2664.00000 	 128.00000 	 
407134.90000 	 2670.00000 	 128.00000 	 
407118.90000 	 2680.00000 	 128.00000 	 
407494.60000 	 2594.00000 	 134.00000 	 
407517.70000 	 2590.00000 	 134.00000 	 
407476.00000 	 2596.00000 	 134.00000 	 
407455.50000 	 2600.00000 	 128.00000 	 
407891.30000 	 2631.00000 	 122.00000 	 
407478.40000 	 2598.00000 	 128.00000 	 
407545.60000 	 2590.00000 	 128.00000 	 
407493.10000 	 2596.00000 	 128.00000 	 
407508.10000 	 2594.00000 	 128.00000 	 
407565.30000 	 2586.00000 	 128.00000 	 
404941.50000 	 3677.00000 	 118.70000 	 
404887.80000 	 3682.00000 	 118.70000 	 
404838.90000 	 3557.00000 	 122.00000 	 
404842.40000 	 3583.00000 	 119.00000 	 
404860.60000 	 3567.00000 	 119.00000 	 
404949.90000 	 3467.00000 	 122.00000 	 
404996.70000 	 3439.00000 	 122.00000 	 
405155.20000 	 3333.00000 	 128.00000 	 
405071.70000 	 3383.00000 	 128.00000 	 
405134.10000 	 3347.00000 	 128.00000 	 
405123.70000 	 3353.00000 	 122.00000 	 
405119.20000 	 3371.00000 	 122.00000 	 
405114.90000 	 3375.00000 	 122.00000 	 
405097.00000 	 3377.00000 	 122.00000 	 
405223.80000 	 3297.00000 	 128.00000 	 
405227.20000 	 3293.00000 	 128.00000 	 
405301.60000 	 3273.00000 	 128.00000 	 
405606.60000 	 3131.00000 	 128.00000 	 
405670.00000 	 3101.00000 	 128.00000 	 
405626.40000 	 3113.00000 	 128.00000 	 
405689.80000 	 3087.00000 	 128.00000 	 
405559.80000 	 3141.00000 	 128.00000 	 
405656.50000 	 3103.00000 	 128.00000 	 
405558.40000 	 3143.00000 	 128.00000 	 
405794.20000 	 3041.00000 	 128.00000 	 
405822.40000 	 3035.00000 	 128.00000 	 
406023.00000 	 2979.00000 	 128.00000 	 
406028.70000 	 2976.00000 	 128.00000 	 
405884.70000 	 3013.00000 	 128.00000 	 
405932.00000 	 2993.00000 	 128.00000 	 
405978.00000 	 2991.00000 	 128.00000 	 
405825.70000 	 3033.00000 	 128.00000 	 
405992.80000 	 2987.00000 	 128.00000 	 
405861.70000 	 3019.00000 	 128.00000 	 
406130.30000 	 2925.00000 	 128.00000 	 
406082.20000 	 2939.00000 	 128.00000 	 
406063.20000 	 2945.00000 	 128.00000 	 
406246.60000 	 2891.00000 	 128.00000 	 
406175.80000 	 2907.00000 	 128.00000 	 
406192.10000 	 2903.00000 	 128.00000 	 
404946.70000 	 3959.00000 	 117.30000 	 
404917.40000 	 3990.00000 	 117.30000 	 
404716.50000 	 3987.00000 	 118.10000 	 
404667.10000 	 3907.00000 	 118.70000 	 
404691.20000 	 3751.00000 	 119.00000 	 
404715.30000 	 3695.00000 	 122.00000 	 
404718.30000 	 3693.00000 	 122.00000 	 
405021.80000 	 3605.00000 	 117.30000 	 
405017.00000 	 3554.00000 	 119.00000 	 
404900.90000 	 3507.00000 	 122.00000 	 
404881.50000 	 3521.00000 	 122.00000 	 
405080.80000 	 3381.00000 	 128.00000 	 
405016.90000 	 3421.00000 	 122.00000 	 
405033.90000 	 3415.00000 	 122.00000 	 
405008.70000 	 3429.00000 	 122.00000 	 
405145.80000 	 3337.00000 	 128.00000 	 
405143.50000 	 3345.00000 	 122.00000 	 
405122.80000 	 3369.00000 	 122.00000 	 
405203.50000 	 3303.00000 	 128.00000 	 
405254.40000 	 3292.00000 	 128.00000 	 
405194.80000 	 3313.00000 	 128.00000 	 
405211.70000 	 3299.00000 	 128.00000 	 
405409.50000 	 3213.00000 	 128.00000 	 
405431.50000 	 3205.00000 	 128.00000 	 
405466.60000 	 3183.00000 	 128.00000 	 
405377.70000 	 3217.00000 	 128.00000 	 
405519.40000 	 3171.00000 	 128.00000 	 
405456.70000 	 3197.00000 	 128.00000 	 
405398.20000 	 3215.00000 	 128.00000 	 
405793.40000 	 3049.00000 	 128.00000 	 
405773.60000 	 3053.00000 	 128.00000 	 
404629.20000 	 3927.00000 	 119.00000 	 
404675.70000 	 3781.00000 	 122.00000 	 
404704.50000 	 3711.00000 	 122.00000 	 
404732.40000 	 3673.00000 	 122.00000 	 
447345.40000 	 1683.00000 	 126.00000 	 
404820.30000 	 3573.00000 	 122.00000 	 
404872.70000 	 3527.00000 	 122.00000 	 
405009.30000 	 3427.00000 	 128.00000 	 
404963.50000 	 3463.00000 	 122.00000 	 
405006.90000 	 3431.00000 	 122.00000 	 
405084.70000 	 3379.00000 	 128.00000 	 
405059.10000 	 3387.00000 	 128.00000 	 
405056.10000 	 3389.00000 	 128.00000 	 
405063.20000 	 3399.00000 	 122.00000 	 
405090.10000 	 3383.00000 	 122.00000 	 
405129.10000 	 3351.00000 	 128.00000 	 
405169.00000 	 3323.00000 	 128.00000 	 
405259.60000 	 3279.00000 	 128.00000 	 
405189.30000 	 3319.00000 	 128.00000 	 
404628.80000 	 3937.00000 	 119.00000 	 
404654.10000 	 3827.00000 	 122.00000 	 
404655.60000 	 3847.00000 	 119.00000 	 
404646.20000 	 3857.00000 	 119.00000 	 
404689.50000 	 3747.00000 	 122.00000 	 
404683.50000 	 3749.00000 	 122.00000 	 
404702.00000 	 3715.00000 	 122.00000 	 
404703.80000 	 3713.00000 	 122.00000 	 
404766.30000 	 3633.00000 	 122.00000 	 
404772.90000 	 3629.00000 	 122.00000 	 
404754.90000 	 3647.00000 	 122.00000 	 
404763.30000 	 3635.00000 	 122.00000 	 
404868.20000 	 3539.00000 	 122.00000 	 
404880.40000 	 3525.00000 	 128.00000 	 
404966.70000 	 3451.00000 	 128.00000 	 
404976.30000 	 3449.00000 	 122.00000 	 
405029.10000 	 3411.00000 	 128.00000 	 
405047.20000 	 3399.00000 	 128.00000 	 
404992.10000 	 3445.00000 	 128.00000 	 
405053.30000 	 3409.00000 	 122.00000 	 
405096.90000 	 3363.00000 	 128.00000 	 
405159.40000 	 3325.00000 	 128.00000 	 
405140.20000 	 3349.00000 	 122.00000 	 
404642.30000 	 3869.00000 	 122.00000 	 
404813.80000 	 3867.00000 	 118.70000 	 
404803.70000 	 3869.00000 	 118.70000 	 
404795.90000 	 3870.00000 	 118.70000 	 
404640.60000 	 3873.00000 	 119.00000 	 
404676.00000 	 3779.00000 	 122.00000 	 
404697.90000 	 3731.00000 	 122.00000 	 
404698.50000 	 3721.00000 	 122.00000 	 
404998.60000 	 3660.00000 	 118.70000 	 
404879.10000 	 3686.00000 	 118.70000 	 
404861.40000 	 3687.00000 	 118.70000 	 
404822.10000 	 3571.00000 	 122.00000 	 
404813.40000 	 3583.00000 	 122.00000 	 
404855.40000 	 3545.00000 	 122.00000 	 
404945.70000 	 3467.00000 	 128.00000 	 
404927.70000 	 3481.00000 	 128.00000 	 
404908.50000 	 3499.00000 	 122.00000 	 
405025.30000 	 3413.00000 	 128.00000 	 
404984.70000 	 3447.00000 	 128.00000 	 
405040.60000 	 3401.00000 	 128.00000 	 
404997.80000 	 3433.00000 	 128.00000 	 
404969.10000 	 3453.00000 	 122.00000 	 
404995.50000 	 3445.00000 	 122.00000 	 
404972.60000 	 3451.00000 	 122.00000 	 
404643.00000 	 3865.00000 	 122.00000 	 
404635.10000 	 3893.00000 	 119.00000 	 
404659.40000 	 3817.00000 	 119.00000 	 
404668.10000 	 3807.00000 	 119.00000 	 
404706.90000 	 3707.00000 	 122.00000 	 
404714.70000 	 3697.00000 	 122.00000 	 
404790.20000 	 3613.00000 	 122.00000 	 
404780.70000 	 3615.00000 	 122.00000 	 
404778.80000 	 3623.00000 	 122.00000 	 
404836.50000 	 3559.00000 	 122.00000 	 
404828.10000 	 3569.00000 	 122.00000 	 
404845.20000 	 3555.00000 	 122.00000 	 
404847.60000 	 3547.00000 	 122.00000 	 
404898.60000 	 3509.00000 	 122.00000 	 
404919.30000 	 3485.00000 	 128.00000 	 
404893.40000 	 3511.00000 	 122.00000 	 
404887.50000 	 3519.00000 	 122.00000 	 
404632.50000 	 3905.00000 	 119.00000 	 
404817.40000 	 3783.00000 	 118.70000 	 
404657.00000 	 3833.00000 	 119.00000 	 
404647.80000 	 3855.00000 	 119.00000 	 
404682.50000 	 3761.00000 	 122.00000 	 
404706.00000 	 3709.00000 	 122.00000 	 
404703.80000 	 3723.00000 	 119.00000 	 
404709.90000 	 3703.00000 	 122.00000 	 
404725.20000 	 3683.00000 	 122.00000 	 
404836.70000 	 3672.00000 	 119.00000 	 
404748.00000 	 3659.00000 	 122.00000 	 
404796.80000 	 3605.00000 	 122.00000 	 
404833.50000 	 3561.00000 	 122.00000 	 
404667.80000 	 3789.00000 	 122.00000 	 
404667.60000 	 3799.00000 	 122.00000 	 
404671.50000 	 3785.00000 	 122.00000 	 
404687.00000 	 3753.00000 	 119.00000 	 
404676.20000 	 3767.00000 	 119.00000 	 
404682.90000 	 3759.00000 	 122.00000 	 
404826.30000 	 3689.00000 	 119.00000 	 
404741.40000 	 3669.00000 	 122.00000 	 
404794.20000 	 3611.00000 	 122.00000 	 
404800.50000 	 3593.00000 	 122.00000 	 
