-6813.00000 	 423.00000 	 50.00000 	 0.40051 	 0.04225 	 1.73433 	 
-4.00000 	 11.00000 	 14.70000 	 15.00000 	 2.20000 	 -0.00000 	 -0.00000 	 -0.50000 	 0.10000 	 1.00000 	 -9.70000 	 -26.30000 	 -49.10000 	 -44.00000 	 -43.00000 	 -46.00000 	 -40.00000 	 -37.00000 	 -33.50000 	 -31.20000 	 -25.10000 	 -20.80000 	 -41.80000 	 -50.00000 	 
 
-6796.50000 	 415.00000 	 50.00000 	 0.40111 	 0.04171 	 1.73433 	 
-4.00000 	 11.00000 	 14.70000 	 16.20000 	 1.00000 	 -0.00000 	 -0.30000 	 -0.20000 	 1.30000 	 1.00000 	 -9.10000 	 -25.70000 	 -48.50000 	 -44.00000 	 -43.00000 	 -46.00000 	 -40.00000 	 -37.00000 	 -33.50000 	 -31.20000 	 -25.70000 	 -23.20000 	 -41.80000 	 -50.00000 	 
 
-6812.40000 	 421.00000 	 50.00000 	 0.40036 	 0.04202 	 1.73842 	 
-4.00000 	 11.00000 	 15.00000 	 15.00000 	 2.20000 	 -0.00000 	 -0.00000 	 -0.50000 	 0.10000 	 1.00000 	 -9.70000 	 -25.70000 	 -50.00000 	 -44.00000 	 -43.00000 	 -46.00000 	 -40.00000 	 -37.00000 	 -33.50000 	 -31.20000 	 -25.10000 	 -20.80000 	 -41.80000 	 -50.00000 	 
 
-6812.40000 	 423.00000 	 50.00000 	 0.40028 	 0.04206 	 1.73433 	 
-4.00000 	 11.00000 	 14.70000 	 15.00000 	 2.20000 	 -0.00000 	 -0.00000 	 -1.10000 	 0.10000 	 1.00000 	 -9.70000 	 -25.70000 	 -49.10000 	 -44.00000 	 -43.00000 	 -46.00000 	 -40.00000 	 -37.00000 	 -33.50000 	 -31.20000 	 -25.10000 	 -20.80000 	 -41.80000 	 -50.00000 	 
 
-6773.80000 	 406.00000 	 50.00000 	 0.40146 	 0.04143 	 1.57687 	 
-4.00000 	 17.00000 	 14.70000 	 15.00000 	 2.20000 	 -0.30000 	 -0.90000 	 -2.00000 	 -0.50000 	 -2.00000 	 -9.70000 	 -25.70000 	 -49.10000 	 -44.00000 	 -43.00000 	 -46.00000 	 -40.00000 	 -37.00000 	 -33.50000 	 -31.20000 	 -25.10000 	 -20.80000 	 -41.80000 	 -50.00000 	 
 
-6735.60000 	 429.00000 	 46.70000 	 0.40365 	 0.04646 	 1.91712 	 
-4.00000 	 11.00000 	 16.80000 	 12.00000 	 1.90000 	 -0.00000 	 -0.00000 	 -0.50000 	 0.10000 	 1.00000 	 -9.70000 	 -25.70000 	 -46.70000 	 -44.60000 	 -43.00000 	 -46.60000 	 -40.60000 	 -37.00000 	 -33.50000 	 -31.20000 	 -25.10000 	 -20.80000 	 -35.80000 	 -44.00000 	 
 
-6788.10000 	 413.00000 	 46.70000 	 0.40268 	 0.04766 	 1.88828 	 
-4.00000 	 11.00000 	 14.70000 	 15.00000 	 2.20000 	 -0.00000 	 -0.00000 	 -0.50000 	 0.10000 	 1.00000 	 -9.70000 	 -25.70000 	 -46.70000 	 -45.20000 	 -43.00000 	 -46.00000 	 -40.00000 	 -37.00000 	 -33.50000 	 -31.20000 	 -25.10000 	 -22.60000 	 -41.80000 	 -44.00000 	 
 
-6772.90000 	 409.00000 	 44.30000 	 0.40387 	 0.04693 	 2.07305 	 
-4.00000 	 11.00000 	 14.10000 	 15.90000 	 0.70000 	 -0.00000 	 -0.30000 	 -0.50000 	 -0.20000 	 1.00000 	 -9.10000 	 -29.30000 	 -44.30000 	 -44.00000 	 -44.20000 	 -44.20000 	 -40.00000 	 -37.00000 	 -33.50000 	 -31.20000 	 -25.10000 	 -22.00000 	 -41.80000 	 -44.00000 	 
 
-6811.90000 	 405.00000 	 50.00000 	 0.40095 	 0.04200 	 1.72542 	 
-4.00000 	 11.00000 	 14.10000 	 15.00000 	 5.20000 	 -0.00000 	 -0.30000 	 -0.50000 	 -0.20000 	 1.00000 	 -9.70000 	 -25.70000 	 -50.00000 	 -44.00000 	 -44.50000 	 -46.00000 	 -40.00000 	 -37.00000 	 -33.50000 	 -31.20000 	 -25.10000 	 -20.80000 	 -41.80000 	 -50.00000 	 
 
-6774.00000 	 407.00000 	 44.30000 	 0.40236 	 0.04694 	 2.08416 	 
-4.00000 	 11.00000 	 14.70000 	 14.70000 	 1.90000 	 -0.00000 	 -0.00000 	 -1.10000 	 0.10000 	 1.00000 	 -9.70000 	 -29.30000 	 -44.30000 	 -44.00000 	 -44.20000 	 -44.20000 	 -40.00000 	 -37.00000 	 -33.50000 	 -31.20000 	 -25.10000 	 -22.00000 	 -41.80000 	 -44.00000 	 
 
-6774.30000 	 405.00000 	 44.30000 	 0.40315 	 0.04695 	 2.08416 	 
-4.00000 	 11.00000 	 14.70000 	 14.70000 	 2.20000 	 -0.00000 	 -0.30000 	 -1.70000 	 0.10000 	 1.00000 	 -9.10000 	 -29.30000 	 -44.30000 	 -44.00000 	 -44.20000 	 -44.20000 	 -40.00000 	 -37.00000 	 -33.50000 	 -31.20000 	 -25.10000 	 -22.00000 	 -41.80000 	 -44.00000 	 
 
-6707.40000 	 420.00000 	 47.30000 	 0.39486 	 0.04932 	 1.90134 	 
-4.00000 	 11.00000 	 14.70000 	 15.00000 	 2.20000 	 -0.00000 	 1.20000 	 -0.80000 	 0.10000 	 1.00000 	 -7.30000 	 -27.50000 	 -47.30000 	 -45.20000 	 -44.20000 	 -46.00000 	 -40.00000 	 -37.00000 	 -33.50000 	 -31.20000 	 -25.10000 	 -22.60000 	 -45.40000 	 -44.00000 	 
 
-6628.80000 	 278.00000 	 51.50000 	 0.40112 	 0.04443 	 1.32409 	 
-1.00000 	 26.00000 	 15.00000 	 16.20000 	 1.00000 	 -0.00000 	 -1.50000 	 -3.50000 	 1.00000 	 0.70000 	 -10.30000 	 -28.10000 	 -51.50000 	 -47.00000 	 -46.00000 	 -46.00000 	 -40.00000 	 -37.00000 	 -33.50000 	 -31.20000 	 -25.70000 	 -20.80000 	 -35.80000 	 -44.00000 	 
 
-6644.10000 	 291.00000 	 51.50000 	 0.39899 	 0.04479 	 1.32409 	 
-1.00000 	 26.00000 	 15.00000 	 15.00000 	 2.20000 	 -0.00000 	 -1.50000 	 -3.50000 	 1.00000 	 0.70000 	 -11.20000 	 -27.80000 	 -51.50000 	 -47.00000 	 -44.50000 	 -46.00000 	 -40.00000 	 -37.00000 	 -33.50000 	 -31.20000 	 -25.70000 	 -20.80000 	 -41.80000 	 -44.00000 	 
 
-6652.80000 	 288.00000 	 46.40000 	 0.39949 	 0.04490 	 1.67310 	 
-1.00000 	 26.00000 	 15.00000 	 15.00000 	 2.20000 	 -0.00000 	 -1.50000 	 -3.50000 	 1.00000 	 0.70000 	 -12.40000 	 -27.80000 	 -46.40000 	 -45.50000 	 -46.00000 	 -46.00000 	 -40.00000 	 -37.00000 	 -33.50000 	 -34.20000 	 -25.70000 	 -22.60000 	 -41.80000 	 -44.00000 	 
 
-6645.90000 	 292.00000 	 47.00000 	 0.39865 	 0.04508 	 1.63479 	 
-1.00000 	 25.70000 	 15.00000 	 15.00000 	 2.20000 	 1.50000 	 -1.50000 	 -3.50000 	 0.70000 	 0.70000 	 -11.20000 	 -31.70000 	 -46.10000 	 -47.00000 	 -46.00000 	 -46.00000 	 -40.00000 	 -37.00000 	 -33.50000 	 -31.20000 	 -25.70000 	 -22.60000 	 -41.80000 	 -44.00000 	 
 
-6660.90000 	 292.00000 	 46.10000 	 0.39991 	 0.04549 	 1.69522 	 
-1.00000 	 25.70000 	 15.00000 	 15.00000 	 2.20000 	 -0.00000 	 -1.50000 	 -3.50000 	 0.70000 	 0.70000 	 -11.20000 	 -31.70000 	 -46.10000 	 -45.50000 	 -46.00000 	 -46.00000 	 -40.00000 	 -37.00000 	 -33.50000 	 -31.20000 	 -25.70000 	 -22.60000 	 -41.80000 	 -44.00000 	 
 
-6627.60000 	 292.00000 	 46.10000 	 0.39897 	 0.04490 	 1.69313 	 
-1.00000 	 26.00000 	 15.00000 	 15.00000 	 2.20000 	 -0.00000 	 -1.50000 	 -3.50000 	 1.00000 	 0.70000 	 -11.20000 	 -31.40000 	 -46.10000 	 -45.20000 	 -46.00000 	 -46.00000 	 -40.00000 	 -37.00000 	 -33.50000 	 -31.20000 	 -25.70000 	 -22.60000 	 -41.80000 	 -44.00000 	 
 
-6651.90000 	 288.00000 	 46.10000 	 0.39945 	 0.04488 	 1.69313 	 
-1.00000 	 26.00000 	 15.00000 	 16.20000 	 1.00000 	 -0.00000 	 -1.50000 	 -3.50000 	 1.00000 	 0.70000 	 -12.10000 	 -28.40000 	 -46.10000 	 -45.50000 	 -46.00000 	 -46.00000 	 -40.00000 	 -37.00000 	 -33.50000 	 -34.20000 	 -25.70000 	 -22.60000 	 -41.80000 	 -44.00000 	 
 
-6640.50000 	 290.00000 	 46.10000 	 0.39921 	 0.04466 	 1.69313 	 
-1.00000 	 26.00000 	 15.00000 	 15.00000 	 2.20000 	 -0.00000 	 -1.50000 	 -3.50000 	 1.00000 	 0.70000 	 -11.20000 	 -28.70000 	 -46.10000 	 -45.50000 	 -46.00000 	 -46.00000 	 -40.00000 	 -37.00000 	 -33.50000 	 -34.20000 	 -25.70000 	 -22.60000 	 -41.80000 	 -44.00000 	 
 
-6644.40000 	 286.00000 	 46.00000 	 0.39914 	 0.04454 	 1.69980 	 
-1.00000 	 26.00000 	 15.00000 	 15.00000 	 2.20000 	 -0.00000 	 -1.50000 	 -3.50000 	 1.00000 	 1.00000 	 -12.40000 	 -28.70000 	 -45.80000 	 -45.50000 	 -46.00000 	 -46.00000 	 -40.00000 	 -37.00000 	 -33.50000 	 -34.20000 	 -25.70000 	 -22.60000 	 -41.80000 	 -44.00000 	 
 
-6619.80000 	 290.00000 	 46.10000 	 0.39883 	 0.04433 	 1.69313 	 
-1.00000 	 26.00000 	 15.00000 	 15.00000 	 2.20000 	 -0.00000 	 -1.50000 	 -3.50000 	 1.00000 	 1.00000 	 -12.40000 	 -28.70000 	 -46.10000 	 -45.50000 	 -44.50000 	 -46.00000 	 -40.00000 	 -37.00000 	 -33.50000 	 -34.20000 	 -25.70000 	 -22.60000 	 -41.80000 	 -44.00000 	 
 
-6255.90000 	 206.00000 	 51.20000 	 0.39639 	 0.05282 	 1.34502 	 
-1.00000 	 26.00000 	 15.00000 	 16.20000 	 1.00000 	 -0.00000 	 -1.50000 	 -3.50000 	 4.00000 	 7.00000 	 -11.20000 	 -30.20000 	 -51.20000 	 -47.00000 	 -46.00000 	 -46.00000 	 -40.00000 	 -37.00000 	 -33.50000 	 -33.00000 	 -26.90000 	 -23.20000 	 -25.00000 	 -32.00000 	 
 
-6248.70000 	 206.00000 	 47.60000 	 0.39629 	 0.05289 	 1.59238 	 
-1.00000 	 26.00000 	 15.00000 	 16.20000 	 1.00000 	 -0.00000 	 -1.50000 	 -3.50000 	 4.00000 	 7.00000 	 -11.20000 	 -33.20000 	 -47.60000 	 -47.00000 	 -46.00000 	 -46.00000 	 -40.00000 	 -37.00000 	 -33.50000 	 -33.00000 	 -27.50000 	 -23.20000 	 -25.00000 	 -32.00000 	 
 
-6247.80000 	 206.00000 	 47.90000 	 0.39649 	 0.05303 	 1.57206 	 
-1.00000 	 26.00000 	 15.00000 	 16.20000 	 1.00000 	 -0.00000 	 -1.50000 	 -3.50000 	 4.00000 	 7.00000 	 -12.40000 	 -33.20000 	 -47.90000 	 -45.50000 	 -46.00000 	 -46.00000 	 -40.00000 	 -37.00000 	 -33.50000 	 -33.00000 	 -27.50000 	 -23.20000 	 -25.00000 	 -32.00000 	 
 
-6309.60000 	 216.00000 	 46.10000 	 0.39943 	 0.05628 	 1.69313 	 
-1.00000 	 26.00000 	 15.00000 	 15.00000 	 2.20000 	 -0.00000 	 -1.50000 	 -3.50000 	 4.00000 	 4.00000 	 -12.40000 	 -30.20000 	 -46.10000 	 -45.50000 	 -46.00000 	 -46.00000 	 -40.00000 	 -37.00000 	 -33.50000 	 -36.00000 	 -27.50000 	 -23.20000 	 -23.80000 	 -32.00000 	 
 
-6243.60000 	 211.00000 	 46.00000 	 0.50157 	 0.01339 	 1.69980 	 
2.00000 	 26.00000 	 15.00000 	 15.00000 	 2.20000 	 -0.00000 	 -1.50000 	 -3.50000 	 4.00000 	 4.00000 	 -12.40000 	 -30.50000 	 -45.80000 	 -45.50000 	 -46.00000 	 -46.00000 	 -40.00000 	 -37.00000 	 -33.50000 	 -36.00000 	 -27.50000 	 -23.20000 	 -23.80000 	 -32.00000 	 
 
-6807.60000 	 423.00000 	 50.00000 	 0.40015 	 0.04192 	 1.73433 	 
-4.00000 	 11.00000 	 14.70000 	 15.00000 	 2.20000 	 -0.00000 	 -0.00000 	 -0.50000 	 0.40000 	 1.00000 	 -9.70000 	 -25.10000 	 -50.00000 	 -44.00000 	 -43.00000 	 -46.00000 	 -40.00000 	 -37.00000 	 -33.50000 	 -31.20000 	 -25.70000 	 -20.80000 	 -41.80000 	 -50.00000 	 
 
-6786.00000 	 426.00000 	 50.00000 	 0.39968 	 0.04161 	 1.73433 	 
-4.00000 	 11.00000 	 14.70000 	 15.00000 	 2.20000 	 -0.00000 	 -0.00000 	 -0.50000 	 0.40000 	 1.00000 	 -9.70000 	 -25.10000 	 -49.10000 	 -44.00000 	 -43.00000 	 -46.00000 	 -40.00000 	 -37.00000 	 -33.50000 	 -31.20000 	 -25.70000 	 -20.80000 	 -41.80000 	 -50.00000 	 
 
-6779.40000 	 415.00000 	 50.00000 	 0.40061 	 0.04148 	 1.65391 	 
-4.00000 	 14.00000 	 14.70000 	 13.20000 	 1.00000 	 -0.00000 	 -0.30000 	 -0.20000 	 1.30000 	 1.00000 	 -9.10000 	 -25.10000 	 -49.10000 	 -43.10000 	 -43.90000 	 -46.00000 	 -40.00000 	 -37.00000 	 -33.50000 	 -31.20000 	 -25.70000 	 -23.20000 	 -41.80000 	 -50.00000 	 
 
-6812.70000 	 427.00000 	 50.00000 	 0.40061 	 0.04206 	 1.73433 	 
-4.00000 	 11.00000 	 14.70000 	 15.90000 	 0.70000 	 -0.00000 	 -0.00000 	 -0.50000 	 0.10000 	 1.00000 	 -9.70000 	 -25.70000 	 -49.10000 	 -44.00000 	 -43.00000 	 -46.00000 	 -40.00000 	 -37.00000 	 -33.50000 	 -31.20000 	 -25.10000 	 -20.80000 	 -41.80000 	 -50.00000 	 
 
-6736.20000 	 352.00000 	 50.00000 	 0.40044 	 0.04102 	 1.57857 	 
-1.00000 	 17.00000 	 15.00000 	 15.00000 	 2.20000 	 -0.00000 	 -0.00000 	 -3.50000 	 3.10000 	 0.70000 	 -9.70000 	 -25.70000 	 -50.00000 	 -45.50000 	 -44.20000 	 -46.00000 	 -40.00000 	 -37.00000 	 -33.50000 	 -31.20000 	 -25.70000 	 -23.20000 	 -41.80000 	 -50.00000 	 
 
-6627.60000 	 347.00000 	 50.00000 	 0.39598 	 0.03912 	 1.58837 	 
-1.00000 	 16.40000 	 14.40000 	 15.00000 	 2.20000 	 1.50000 	 0.30000 	 0.40000 	 3.10000 	 3.70000 	 -9.10000 	 -29.60000 	 -50.00000 	 -45.20000 	 -44.20000 	 -46.00000 	 -40.00000 	 -37.00000 	 -33.50000 	 -31.20000 	 -25.70000 	 -23.20000 	 -46.00000 	 -50.00000 	 
 
-6786.00000 	 368.00000 	 50.00000 	 0.40417 	 0.04173 	 1.57857 	 
-1.00000 	 17.00000 	 15.00000 	 16.20000 	 1.00000 	 -0.00000 	 -0.00000 	 -0.20000 	 0.70000 	 1.00000 	 -10.30000 	 -25.70000 	 -50.00000 	 -45.20000 	 -44.50000 	 -46.00000 	 -40.00000 	 -37.00000 	 -33.50000 	 -33.00000 	 -25.70000 	 -22.00000 	 -41.80000 	 -50.00000 	 
 
-6633.00000 	 347.00000 	 50.00000 	 0.39582 	 0.03979 	 1.58837 	 
-1.00000 	 16.40000 	 14.40000 	 15.00000 	 2.20000 	 1.50000 	 0.30000 	 0.40000 	 3.10000 	 3.70000 	 -11.50000 	 -31.40000 	 -50.00000 	 -45.20000 	 -44.20000 	 -46.00000 	 -40.00000 	 -37.00000 	 -33.50000 	 -31.20000 	 -25.70000 	 -23.20000 	 -41.80000 	 -50.00000 	 
 
-6710.40000 	 363.00000 	 51.20000 	 0.40239 	 0.04072 	 1.49502 	 
-1.00000 	 17.00000 	 17.40000 	 15.00000 	 -0.20000 	 -0.00000 	 -0.90000 	 -0.20000 	 1.00000 	 1.00000 	 -9.70000 	 -25.70000 	 -51.20000 	 -45.20000 	 -44.20000 	 -46.00000 	 -40.00000 	 -37.00000 	 -33.50000 	 -31.20000 	 -25.70000 	 -20.80000 	 -41.80000 	 -50.00000 	 
 
-6763.80000 	 358.00000 	 50.00000 	 0.40271 	 0.04145 	 1.53374 	 
-1.00000 	 19.40000 	 14.10000 	 14.70000 	 2.20000 	 -0.00000 	 -0.30000 	 -2.00000 	 0.70000 	 1.00000 	 -9.70000 	 -25.70000 	 -50.00000 	 -45.20000 	 -44.20000 	 -46.60000 	 -40.00000 	 -37.00000 	 -33.50000 	 -31.20000 	 -25.70000 	 -23.20000 	 -41.80000 	 -50.00000 	 
 
-6758.70000 	 352.00000 	 50.00000 	 0.40206 	 0.04137 	 1.53374 	 
-1.00000 	 19.40000 	 14.40000 	 15.00000 	 2.20000 	 -0.00000 	 -0.30000 	 -2.90000 	 1.00000 	 1.00000 	 -9.70000 	 -25.70000 	 -50.00000 	 -45.20000 	 -44.20000 	 -46.60000 	 -40.00000 	 -37.00000 	 -33.50000 	 -31.20000 	 -25.70000 	 -23.20000 	 -41.80000 	 -50.00000 	 
 
-6621.60000 	 326.00000 	 50.00000 	 0.39527 	 0.03902 	 1.53374 	 
-1.00000 	 19.40000 	 14.40000 	 15.00000 	 2.20000 	 -0.00000 	 0.30000 	 0.40000 	 3.10000 	 3.70000 	 -9.10000 	 -30.20000 	 -50.00000 	 -47.00000 	 -44.20000 	 -46.00000 	 -40.00000 	 -37.00000 	 -33.50000 	 -31.20000 	 -25.10000 	 -23.20000 	 -46.00000 	 -50.00000 	 
 
-6688.50000 	 300.00000 	 51.20000 	 0.39721 	 0.04031 	 1.37108 	 
-1.00000 	 26.00000 	 15.00000 	 16.20000 	 1.00000 	 -0.00000 	 -1.50000 	 -3.50000 	 0.70000 	 0.70000 	 -10.30000 	 -28.10000 	 -51.20000 	 -47.00000 	 -46.00000 	 -46.00000 	 -40.00000 	 -37.00000 	 -33.50000 	 -31.20000 	 -25.70000 	 -20.80000 	 -41.80000 	 -50.00000 	 
 
-6688.50000 	 300.00000 	 51.20000 	 0.39706 	 0.04049 	 1.37108 	 
-1.00000 	 26.00000 	 15.00000 	 16.20000 	 1.00000 	 -0.00000 	 -0.90000 	 -3.50000 	 0.70000 	 0.70000 	 -11.20000 	 -27.80000 	 -51.20000 	 -47.00000 	 -46.00000 	 -46.00000 	 -40.00000 	 -37.00000 	 -33.50000 	 -31.20000 	 -25.70000 	 -20.80000 	 -41.80000 	 -50.00000 	 
 
-6687.30000 	 300.00000 	 50.90000 	 0.39702 	 0.04047 	 1.39233 	 
-1.00000 	 26.00000 	 15.00000 	 16.20000 	 1.00000 	 -0.00000 	 -0.90000 	 -3.50000 	 0.70000 	 0.70000 	 -11.20000 	 -28.10000 	 -50.90000 	 -47.00000 	 -46.00000 	 -46.00000 	 -40.00000 	 -37.00000 	 -33.50000 	 -31.20000 	 -25.70000 	 -20.80000 	 -41.80000 	 -50.00000 	 
 
-6670.20000 	 303.00000 	 51.20000 	 0.39710 	 0.04020 	 1.37108 	 
-1.00000 	 26.00000 	 15.00000 	 16.20000 	 1.00000 	 -0.00000 	 -1.50000 	 -3.50000 	 0.70000 	 0.70000 	 -11.20000 	 -27.80000 	 -51.20000 	 -47.00000 	 -44.50000 	 -46.00000 	 -40.00000 	 -37.00000 	 -33.50000 	 -31.20000 	 -25.70000 	 -20.80000 	 -41.80000 	 -50.00000 	 
 
-6686.70000 	 300.00000 	 50.00000 	 0.39742 	 0.04026 	 1.45577 	 
-1.00000 	 26.00000 	 15.00000 	 15.00000 	 2.20000 	 -0.00000 	 -1.50000 	 -3.50000 	 0.70000 	 0.70000 	 -10.30000 	 -28.40000 	 -49.70000 	 -47.00000 	 -46.00000 	 -46.00000 	 -40.00000 	 -37.00000 	 -33.50000 	 -31.20000 	 -25.10000 	 -22.60000 	 -41.80000 	 -50.00000 	 
 
-6742.20000 	 403.00000 	 50.00000 	 0.39375 	 0.04119 	 1.73433 	 
-4.00000 	 11.00000 	 14.70000 	 15.00000 	 2.20000 	 -0.00000 	 -0.00000 	 0.40000 	 3.10000 	 1.00000 	 -14.20000 	 -25.10000 	 -49.10000 	 -44.00000 	 -43.00000 	 -46.00000 	 -40.00000 	 -37.00000 	 -33.50000 	 -31.20000 	 -25.70000 	 -20.80000 	 -41.80000 	 -50.00000 	 
 
-6809.50000 	 401.00000 	 50.00000 	 0.40069 	 0.04235 	 1.75496 	 
-4.00000 	 11.00000 	 15.00000 	 18.60000 	 2.20000 	 -0.00000 	 -0.90000 	 -0.50000 	 -0.20000 	 1.00000 	 -9.70000 	 -25.10000 	 -50.00000 	 -45.20000 	 -44.20000 	 -46.00000 	 -40.00000 	 -37.00000 	 -33.50000 	 -31.20000 	 -25.70000 	 -20.80000 	 -41.80000 	 -50.00000 	 
 
-6811.60000 	 403.00000 	 50.00000 	 0.39960 	 0.04237 	 1.73433 	 
-4.00000 	 11.00000 	 14.70000 	 15.00000 	 5.80000 	 -0.00000 	 -0.00000 	 -0.50000 	 -0.20000 	 1.00000 	 -9.70000 	 -25.70000 	 -50.00000 	 -45.20000 	 -44.20000 	 -46.00000 	 -40.00000 	 -37.00000 	 -33.50000 	 -31.20000 	 -25.70000 	 -20.80000 	 -41.80000 	 -50.00000 	 
 
-6811.00000 	 403.00000 	 50.00000 	 0.40092 	 0.04243 	 1.72999 	 
-4.00000 	 11.00000 	 14.40000 	 15.00000 	 5.20000 	 -0.00000 	 -0.30000 	 -0.50000 	 -0.20000 	 1.00000 	 -9.70000 	 -25.70000 	 -50.00000 	 -45.20000 	 -43.00000 	 -46.00000 	 -40.00000 	 -37.00000 	 -33.50000 	 -31.20000 	 -25.70000 	 -20.80000 	 -41.80000 	 -50.00000 	 
 
-6807.10000 	 401.00000 	 50.00000 	 0.40060 	 0.04231 	 1.73842 	 
-4.00000 	 11.00000 	 15.00000 	 16.20000 	 4.00000 	 0.60000 	 -0.90000 	 -0.50000 	 -0.20000 	 1.00000 	 -9.70000 	 -25.10000 	 -50.00000 	 -45.20000 	 -44.20000 	 -46.00000 	 -40.00000 	 -37.00000 	 -33.50000 	 -31.20000 	 -25.70000 	 -20.80000 	 -41.80000 	 -50.00000 	 
 
-6776.40000 	 360.00000 	 50.00000 	 0.40225 	 0.04178 	 1.57857 	 
-1.00000 	 17.00000 	 15.00000 	 16.20000 	 1.00000 	 -0.00000 	 -0.00000 	 -3.50000 	 0.70000 	 0.70000 	 -9.70000 	 -25.70000 	 -50.00000 	 -45.20000 	 -44.50000 	 -46.00000 	 -40.00000 	 -37.00000 	 -33.50000 	 -31.20000 	 -25.70000 	 -20.80000 	 -41.80000 	 -50.00000 	 
 
-6787.50000 	 370.00000 	 50.00000 	 0.40422 	 0.04208 	 1.57687 	 
-1.00000 	 17.00000 	 14.70000 	 15.00000 	 2.20000 	 -0.00000 	 -0.00000 	 -0.20000 	 0.70000 	 1.00000 	 -9.70000 	 -26.30000 	 -50.00000 	 -45.50000 	 -44.50000 	 -46.00000 	 -40.00000 	 -37.00000 	 -33.50000 	 -30.60000 	 -27.50000 	 -22.00000 	 -41.80000 	 -50.00000 	 
 
-6774.30000 	 388.00000 	 50.00000 	 0.40314 	 0.04213 	 1.57687 	 
-1.00000 	 17.00000 	 14.70000 	 14.70000 	 1.90000 	 -0.00000 	 -0.00000 	 -0.20000 	 0.70000 	 1.00000 	 -9.70000 	 -25.70000 	 -48.20000 	 -45.80000 	 -44.20000 	 -46.60000 	 -43.00000 	 -37.00000 	 -31.70000 	 -31.20000 	 -25.70000 	 -23.20000 	 -41.80000 	 -50.00000 	 
 
-6775.50000 	 360.00000 	 50.00000 	 0.40231 	 0.04141 	 1.57857 	 
-1.00000 	 17.00000 	 15.00000 	 16.20000 	 1.00000 	 -0.00000 	 -0.00000 	 -3.50000 	 0.70000 	 0.70000 	 -10.30000 	 -25.70000 	 -50.00000 	 -44.90000 	 -44.20000 	 -46.00000 	 -40.00000 	 -37.00000 	 -33.50000 	 -31.20000 	 -25.70000 	 -20.80000 	 -41.80000 	 -50.00000 	 
 
-6785.10000 	 368.00000 	 50.90000 	 0.40430 	 0.04189 	 1.50720 	 
-1.00000 	 17.00000 	 15.00000 	 16.20000 	 1.00000 	 -0.00000 	 -0.00000 	 -0.20000 	 0.70000 	 1.00000 	 -9.70000 	 -25.70000 	 -50.90000 	 -45.20000 	 -44.20000 	 -46.00000 	 -40.00000 	 -37.00000 	 -33.50000 	 -31.20000 	 -25.70000 	 -22.00000 	 -43.60000 	 -50.00000 	 
 
-6787.50000 	 370.00000 	 50.00000 	 0.40445 	 0.04191 	 1.57687 	 
-1.00000 	 17.00000 	 14.70000 	 16.20000 	 1.00000 	 -0.00000 	 -0.00000 	 -0.20000 	 0.70000 	 1.00000 	 -9.70000 	 -25.70000 	 -50.00000 	 -45.50000 	 -44.50000 	 -46.00000 	 -40.00000 	 -37.00000 	 -33.50000 	 -31.20000 	 -25.70000 	 -22.60000 	 -43.00000 	 -50.00000 	 
 
