404641.50000 	 3979.00000 	 118.70000 	 
404640.20000 	 3989.00000 	 118.70000 	 
404636.40000 	 3991.00000 	 118.70000 	 
412221.80000 	 4559.00000 	 114.00000 	 
404825.00000 	 3579.00000 	 119.00000 	 
405061.70000 	 3512.00000 	 119.00000 	 
405028.40000 	 3530.00000 	 119.00000 	 
404814.20000 	 3591.00000 	 119.00000 	 
404970.60000 	 3553.00000 	 119.00000 	 
447304.30000 	 1716.00000 	 126.00000 	 
405000.80000 	 3561.00000 	 118.70000 	 
404979.40000 	 3563.00000 	 118.70000 	 
404972.90000 	 3565.00000 	 118.70000 	 
404839.70000 	 3573.00000 	 119.00000 	 
404964.50000 	 3587.00000 	 116.00000 	 
405211.30000 	 3299.00000 	 128.00000 	 
405378.30000 	 3273.00000 	 122.00000 	 
405599.00000 	 3242.00000 	 122.00000 	 
405220.60000 	 3301.00000 	 122.00000 	 
405281.00000 	 3293.00000 	 122.00000 	 
405286.70000 	 3277.00000 	 122.00000 	 
405234.10000 	 3313.00000 	 118.40000 	 
405264.10000 	 3298.00000 	 122.00000 	 
405345.70000 	 3274.00000 	 122.00000 	 
405283.80000 	 3293.00000 	 118.40000 	 
406883.20000 	 3175.00000 	 118.40000 	 
406028.70000 	 3189.00000 	 118.40000 	 
405510.30000 	 3254.00000 	 118.40000 	 
405527.60000 	 3250.00000 	 118.40000 	 
405496.20000 	 3255.00000 	 118.40000 	 
405245.70000 	 3311.00000 	 118.40000 	 
405482.80000 	 3274.00000 	 118.40000 	 
405472.90000 	 3275.00000 	 118.40000 	 
405262.20000 	 3309.00000 	 118.40000 	 
406030.50000 	 2965.00000 	 128.00000 	 
406102.20000 	 2933.00000 	 128.00000 	 
406070.00000 	 2943.00000 	 128.00000 	 
406067.70000 	 2961.00000 	 122.00000 	 
406145.80000 	 2933.00000 	 122.00000 	 
406101.80000 	 2947.00000 	 122.00000 	 
406119.40000 	 2943.00000 	 122.00000 	 
406084.90000 	 2959.00000 	 122.00000 	 
406087.50000 	 2955.00000 	 122.00000 	 
406328.10000 	 2924.00000 	 122.00000 	 
406550.40000 	 2806.00000 	 128.00000 	 
406669.50000 	 2784.00000 	 128.00000 	 
406558.80000 	 2802.00000 	 128.00000 	 
406547.20000 	 2821.00000 	 128.00000 	 
406517.70000 	 2822.00000 	 122.00000 	 
406588.20000 	 2810.00000 	 122.00000 	 
406573.20000 	 2812.00000 	 122.00000 	 
406596.00000 	 2808.00000 	 122.00000 	 
406703.20000 	 2792.00000 	 122.00000 	 
406557.60000 	 2814.00000 	 122.00000 	 
406479.60000 	 2834.00000 	 122.00000 	 
406655.20000 	 2802.00000 	 122.00000 	 
407494.60000 	 2594.00000 	 134.00000 	 
407600.50000 	 2578.00000 	 134.00000 	 
407517.70000 	 2590.00000 	 134.00000 	 
407465.70000 	 2598.00000 	 128.00000 	 
407545.60000 	 2590.00000 	 128.00000 	 
407490.40000 	 2596.00000 	 128.00000 	 
407554.00000 	 2588.00000 	 128.00000 	 
407593.30000 	 2582.00000 	 128.00000 	 
407581.90000 	 2584.00000 	 128.00000 	 
407503.50000 	 2592.00000 	 128.00000 	 
407406.90000 	 2618.00000 	 122.00000 	 
407994.00000 	 2584.00000 	 122.00000 	 
408252.30000 	 2562.00000 	 122.00000 	 
408133.50000 	 2566.00000 	 122.00000 	 
408138.90000 	 2564.00000 	 122.00000 	 
407535.10000 	 2602.00000 	 122.00000 	 
407460.70000 	 2612.00000 	 122.00000 	 
407510.50000 	 2604.00000 	 122.00000 	 
408441.10000 	 2423.00000 	 134.00000 	 
408296.80000 	 2447.00000 	 134.00000 	 
408421.00000 	 2429.00000 	 134.00000 	 
408260.70000 	 2455.00000 	 134.00000 	 
408344.30000 	 2441.00000 	 128.00000 	 
408491.80000 	 2421.00000 	 128.00000 	 
408408.30000 	 2433.00000 	 128.00000 	 
408431.70000 	 2429.00000 	 128.00000 	 
408491.10000 	 2427.00000 	 128.00000 	 
408502.00000 	 2419.00000 	 128.00000 	 
408308.10000 	 2445.00000 	 128.00000 	 
408402.60000 	 2437.00000 	 128.00000 	 
408381.60000 	 2439.00000 	 128.00000 	 
408759.90000 	 2416.00000 	 128.00000 	 
408401.50000 	 2438.00000 	 128.00000 	 
408258.60000 	 2461.00000 	 128.00000 	 
408275.80000 	 2451.00000 	 128.00000 	 
410371.00000 	 2422.00000 	 122.00000 	 
408292.20000 	 2461.00000 	 122.00000 	 
408545.10000 	 2456.00000 	 122.00000 	 
408580.20000 	 2450.00000 	 122.00000 	 
408555.90000 	 2454.00000 	 122.00000 	 
408582.30000 	 2448.00000 	 122.00000 	 
408609.00000 	 2440.00000 	 122.00000 	 
408585.60000 	 2442.00000 	 122.00000 	 
409886.80000 	 2222.00000 	 134.00000 	 
409779.30000 	 2232.00000 	 134.00000 	 
409645.50000 	 2235.00000 	 134.00000 	 
409631.40000 	 2239.00000 	 134.00000 	 
409645.20000 	 2237.00000 	 134.00000 	 
409603.30000 	 2243.00000 	 134.00000 	 
410017.30000 	 2212.00000 	 134.00000 	 
409747.60000 	 2233.00000 	 134.00000 	 
409623.40000 	 2241.00000 	 134.00000 	 
409546.50000 	 2253.00000 	 128.00000 	 
410213.00000 	 2224.00000 	 128.00000 	 
409480.90000 	 2267.00000 	 128.00000 	 
409461.00000 	 2276.00000 	 128.00000 	 
409463.10000 	 2271.00000 	 128.00000 	 
410124.90000 	 2235.00000 	 128.00000 	 
409529.10000 	 2255.00000 	 128.00000 	 
409948.10000 	 2245.00000 	 128.00000 	 
409812.30000 	 2247.00000 	 128.00000 	 
409482.10000 	 2263.00000 	 128.00000 	 
410812.20000 	 2079.00000 	 140.00000 	 
411018.90000 	 2069.00000 	 140.00000 	 
410990.70000 	 2071.00000 	 140.00000 	 
410657.40000 	 2097.00000 	 140.00000 	 
410512.20000 	 2117.00000 	 134.00000 	 
410696.10000 	 2106.00000 	 134.00000 	 
410602.50000 	 2114.00000 	 134.00000 	 
410654.10000 	 2108.00000 	 134.00000 	 
410530.20000 	 2115.00000 	 134.00000 	 
410707.20000 	 2095.00000 	 134.00000 	 
410895.00000 	 2098.00000 	 128.00000 	 
410657.40000 	 2107.00000 	 128.00000 	 
410614.80000 	 2119.00000 	 128.00000 	 
410889.30000 	 2088.00000 	 134.00000 	 
410591.40000 	 2121.00000 	 128.00000 	 
410430.40000 	 2135.00000 	 128.00000 	 
410390.10000 	 2148.00000 	 128.00000 	 
410536.80000 	 2126.00000 	 128.00000 	 
410412.60000 	 2146.00000 	 128.00000 	 
410424.60000 	 2137.00000 	 128.00000 	 
410487.00000 	 2133.00000 	 128.00000 	 
411176.40000 	 2037.00000 	 140.00000 	 
411446.70000 	 2016.00000 	 140.00000 	 
411045.00000 	 2056.00000 	 140.00000 	 
411104.40000 	 2045.00000 	 140.00000 	 
411417.60000 	 2021.00000 	 140.00000 	 
411161.40000 	 2039.00000 	 140.00000 	 
411184.80000 	 2035.00000 	 140.00000 	 
411040.80000 	 2059.00000 	 140.00000 	 
411417.60000 	 2026.00000 	 134.00000 	 
411149.20000 	 2045.00000 	 134.00000 	 
411046.80000 	 2055.00000 	 134.00000 	 
411535.20000 	 2025.00000 	 134.00000 	 
411260.40000 	 2037.00000 	 134.00000 	 
412088.40000 	 1941.00000 	 140.00000 	 
411967.20000 	 1955.00000 	 140.00000 	 
412020.60000 	 1947.00000 	 140.00000 	 
411873.90000 	 1975.00000 	 134.00000 	 
412177.80000 	 1937.00000 	 140.00000 	 
412305.60000 	 1921.00000 	 140.00000 	 
411970.80000 	 1961.00000 	 134.00000 	 
412032.90000 	 1959.00000 	 134.00000 	 
412150.50000 	 1939.00000 	 140.00000 	 
411893.10000 	 1971.00000 	 140.00000 	 
411844.50000 	 1975.00000 	 140.00000 	 
412263.90000 	 1925.00000 	 140.00000 	 
411912.90000 	 1965.00000 	 134.00000 	 
404627.50000 	 3987.00000 	 119.00000 	 
404686.40000 	 3755.00000 	 119.00000 	 
405042.00000 	 3553.00000 	 118.70000 	 
404832.20000 	 3563.00000 	 122.00000 	 
404872.60000 	 3555.00000 	 119.00000 	 
405041.60000 	 3411.00000 	 122.00000 	 
405001.70000 	 3433.00000 	 122.00000 	 
405346.00000 	 3268.00000 	 128.00000 	 
405207.10000 	 3301.00000 	 128.00000 	 
405426.20000 	 3272.00000 	 122.00000 	 
405440.60000 	 3268.00000 	 122.00000 	 
405217.80000 	 3309.00000 	 122.00000 	 
405510.90000 	 3252.00000 	 122.00000 	 
405515.30000 	 3245.00000 	 122.00000 	 
405286.60000 	 3279.00000 	 122.00000 	 
405295.60000 	 3276.00000 	 122.00000 	 
405201.40000 	 3319.00000 	 122.00000 	 
405778.90000 	 3051.00000 	 128.00000 	 
405783.10000 	 3063.00000 	 122.00000 	 
405754.90000 	 3071.00000 	 122.00000 	 
405747.00000 	 3075.00000 	 122.00000 	 
405833.40000 	 3049.00000 	 122.00000 	 
406073.00000 	 2941.00000 	 128.00000 	 
406043.80000 	 2951.00000 	 128.00000 	 
406044.40000 	 2965.00000 	 122.00000 	 
406208.80000 	 2899.00000 	 128.00000 	 
406363.60000 	 2867.00000 	 128.00000 	 
406361.40000 	 2868.00000 	 128.00000 	 
406283.80000 	 2883.00000 	 128.00000 	 
406262.60000 	 2887.00000 	 128.00000 	 
406295.20000 	 2877.00000 	 128.00000 	 
406234.90000 	 2893.00000 	 128.00000 	 
406714.60000 	 2781.00000 	 128.00000 	 
406557.10000 	 2804.00000 	 128.00000 	 
407003.80000 	 2759.00000 	 128.00000 	 
406787.40000 	 2779.00000 	 128.00000 	 
406599.40000 	 2792.00000 	 128.00000 	 
406920.30000 	 2768.00000 	 128.00000 	 
406897.20000 	 2770.00000 	 128.00000 	 
406835.40000 	 2777.00000 	 128.00000 	 
406586.40000 	 2798.00000 	 128.00000 	 
407208.90000 	 2654.00000 	 134.00000 	 
407239.50000 	 2652.00000 	 134.00000 	 
407124.30000 	 2674.00000 	 128.00000 	 
407346.70000 	 2644.00000 	 128.00000 	 
407283.70000 	 2652.00000 	 128.00000 	 
407268.40000 	 2654.00000 	 128.00000 	 
407084.90000 	 2682.00000 	 128.00000 	 
407193.60000 	 2658.00000 	 128.00000 	 
407159.10000 	 2664.00000 	 128.00000 	 
407306.20000 	 2650.00000 	 128.00000 	 
407134.90000 	 2670.00000 	 128.00000 	 
407118.90000 	 2680.00000 	 128.00000 	 
407476.00000 	 2596.00000 	 134.00000 	 
407946.00000 	 2566.00000 	 134.00000 	 
407455.50000 	 2600.00000 	 128.00000 	 
407682.30000 	 2570.00000 	 128.00000 	 
407565.30000 	 2586.00000 	 128.00000 	 
407596.80000 	 2580.00000 	 128.00000 	 
404715.80000 	 3721.00000 	 119.00000 	 
404720.60000 	 3711.00000 	 119.00000 	 
404941.50000 	 3677.00000 	 118.70000 	 
404919.90000 	 3681.00000 	 118.70000 	 
404887.80000 	 3682.00000 	 118.70000 	 
404838.90000 	 3557.00000 	 122.00000 	 
404860.60000 	 3567.00000 	 119.00000 	 
404949.90000 	 3467.00000 	 122.00000 	 
404946.20000 	 3469.00000 	 122.00000 	 
404996.70000 	 3439.00000 	 122.00000 	 
405155.20000 	 3333.00000 	 128.00000 	 
405071.70000 	 3383.00000 	 128.00000 	 
405134.10000 	 3347.00000 	 128.00000 	 
405123.70000 	 3353.00000 	 122.00000 	 
405119.20000 	 3371.00000 	 122.00000 	 
405114.90000 	 3375.00000 	 122.00000 	 
405097.00000 	 3377.00000 	 122.00000 	 
405223.80000 	 3297.00000 	 128.00000 	 
405227.20000 	 3293.00000 	 128.00000 	 
405301.60000 	 3273.00000 	 128.00000 	 
405606.60000 	 3131.00000 	 128.00000 	 
405670.00000 	 3101.00000 	 128.00000 	 
405626.40000 	 3113.00000 	 128.00000 	 
405689.80000 	 3087.00000 	 128.00000 	 
405559.80000 	 3141.00000 	 128.00000 	 
405656.50000 	 3103.00000 	 128.00000 	 
405558.40000 	 3143.00000 	 128.00000 	 
405794.20000 	 3041.00000 	 128.00000 	 
405822.40000 	 3035.00000 	 128.00000 	 
406023.00000 	 2979.00000 	 128.00000 	 
406028.70000 	 2976.00000 	 128.00000 	 
405884.70000 	 3013.00000 	 128.00000 	 
405932.00000 	 2993.00000 	 128.00000 	 
405978.00000 	 2991.00000 	 128.00000 	 
405922.20000 	 3011.00000 	 128.00000 	 
405856.00000 	 3023.00000 	 128.00000 	 
405825.70000 	 3033.00000 	 128.00000 	 
405992.80000 	 2987.00000 	 128.00000 	 
405861.70000 	 3019.00000 	 128.00000 	 
406130.30000 	 2925.00000 	 128.00000 	 
406082.20000 	 2939.00000 	 128.00000 	 
406063.20000 	 2945.00000 	 128.00000 	 
406246.60000 	 2891.00000 	 128.00000 	 
406214.80000 	 2897.00000 	 128.00000 	 
407357.60000 	 3037.00000 	 119.00000 	 
406175.80000 	 2907.00000 	 128.00000 	 
406192.10000 	 2903.00000 	 128.00000 	 
404946.70000 	 3959.00000 	 117.30000 	 
404917.40000 	 3990.00000 	 117.30000 	 
404716.50000 	 3987.00000 	 118.10000 	 
404667.10000 	 3907.00000 	 118.70000 	 
404691.20000 	 3751.00000 	 119.00000 	 
404715.30000 	 3695.00000 	 122.00000 	 
404718.30000 	 3693.00000 	 122.00000 	 
404900.90000 	 3507.00000 	 122.00000 	 
404881.50000 	 3521.00000 	 122.00000 	 
404931.30000 	 3489.00000 	 122.00000 	 
405080.80000 	 3381.00000 	 128.00000 	 
405016.90000 	 3421.00000 	 122.00000 	 
405033.90000 	 3415.00000 	 122.00000 	 
405008.70000 	 3429.00000 	 122.00000 	 
405145.80000 	 3337.00000 	 128.00000 	 
405143.50000 	 3345.00000 	 122.00000 	 
405122.80000 	 3369.00000 	 122.00000 	 
405203.50000 	 3303.00000 	 128.00000 	 
405254.40000 	 3292.00000 	 128.00000 	 
405194.80000 	 3313.00000 	 128.00000 	 
405409.50000 	 3213.00000 	 128.00000 	 
405431.50000 	 3205.00000 	 128.00000 	 
405466.60000 	 3183.00000 	 128.00000 	 
405377.70000 	 3217.00000 	 128.00000 	 
405519.40000 	 3171.00000 	 128.00000 	 
405456.70000 	 3197.00000 	 128.00000 	 
405398.20000 	 3215.00000 	 128.00000 	 
405793.40000 	 3049.00000 	 128.00000 	 
405773.60000 	 3053.00000 	 128.00000 	 
404629.20000 	 3927.00000 	 119.00000 	 
404675.70000 	 3781.00000 	 122.00000 	 
404704.50000 	 3711.00000 	 122.00000 	 
404732.40000 	 3673.00000 	 122.00000 	 
447345.40000 	 1683.00000 	 126.00000 	 
404820.30000 	 3573.00000 	 122.00000 	 
404872.70000 	 3527.00000 	 122.00000 	 
405009.30000 	 3427.00000 	 128.00000 	 
404963.50000 	 3463.00000 	 122.00000 	 
405006.90000 	 3431.00000 	 122.00000 	 
405084.70000 	 3379.00000 	 128.00000 	 
405059.10000 	 3387.00000 	 128.00000 	 
405056.10000 	 3389.00000 	 128.00000 	 
405063.20000 	 3399.00000 	 122.00000 	 
405090.10000 	 3383.00000 	 122.00000 	 
405129.10000 	 3351.00000 	 128.00000 	 
405169.00000 	 3323.00000 	 128.00000 	 
405259.60000 	 3279.00000 	 128.00000 	 
405189.30000 	 3319.00000 	 128.00000 	 
404628.80000 	 3937.00000 	 119.00000 	 
404654.10000 	 3827.00000 	 122.00000 	 
404655.60000 	 3847.00000 	 119.00000 	 
404646.20000 	 3857.00000 	 119.00000 	 
404689.50000 	 3747.00000 	 122.00000 	 
404683.50000 	 3749.00000 	 122.00000 	 
404702.00000 	 3715.00000 	 122.00000 	 
404703.80000 	 3713.00000 	 122.00000 	 
404766.30000 	 3633.00000 	 122.00000 	 
404772.90000 	 3629.00000 	 122.00000 	 
404754.90000 	 3647.00000 	 122.00000 	 
404763.30000 	 3635.00000 	 122.00000 	 
404868.20000 	 3539.00000 	 122.00000 	 
404880.40000 	 3525.00000 	 128.00000 	 
404966.70000 	 3451.00000 	 128.00000 	 
404976.30000 	 3449.00000 	 122.00000 	 
405029.10000 	 3411.00000 	 128.00000 	 
405047.20000 	 3399.00000 	 128.00000 	 
404992.10000 	 3445.00000 	 128.00000 	 
405053.30000 	 3409.00000 	 122.00000 	 
405096.90000 	 3363.00000 	 128.00000 	 
405159.40000 	 3325.00000 	 128.00000 	 
405140.20000 	 3349.00000 	 122.00000 	 
404642.30000 	 3869.00000 	 122.00000 	 
404813.80000 	 3867.00000 	 118.70000 	 
404803.70000 	 3869.00000 	 118.70000 	 
404795.90000 	 3870.00000 	 118.70000 	 
404640.60000 	 3873.00000 	 119.00000 	 
404676.00000 	 3779.00000 	 122.00000 	 
404697.90000 	 3731.00000 	 122.00000 	 
404698.50000 	 3721.00000 	 122.00000 	 
404879.10000 	 3686.00000 	 118.70000 	 
404861.40000 	 3687.00000 	 118.70000 	 
404822.10000 	 3571.00000 	 122.00000 	 
404813.40000 	 3583.00000 	 122.00000 	 
404855.40000 	 3545.00000 	 122.00000 	 
404945.70000 	 3467.00000 	 128.00000 	 
404927.70000 	 3481.00000 	 128.00000 	 
404932.50000 	 3483.00000 	 122.00000 	 
404908.50000 	 3499.00000 	 122.00000 	 
405025.30000 	 3413.00000 	 128.00000 	 
404984.70000 	 3447.00000 	 128.00000 	 
405040.60000 	 3401.00000 	 128.00000 	 
404997.80000 	 3433.00000 	 128.00000 	 
404969.10000 	 3453.00000 	 122.00000 	 
404995.50000 	 3445.00000 	 122.00000 	 
404972.60000 	 3451.00000 	 122.00000 	 
404643.00000 	 3865.00000 	 122.00000 	 
404635.10000 	 3893.00000 	 119.00000 	 
404659.40000 	 3817.00000 	 119.00000 	 
404668.10000 	 3807.00000 	 119.00000 	 
404706.90000 	 3707.00000 	 122.00000 	 
404714.70000 	 3697.00000 	 122.00000 	 
404790.20000 	 3613.00000 	 122.00000 	 
404780.70000 	 3615.00000 	 122.00000 	 
404778.80000 	 3623.00000 	 122.00000 	 
404836.50000 	 3559.00000 	 122.00000 	 
404828.10000 	 3569.00000 	 122.00000 	 
404845.20000 	 3555.00000 	 122.00000 	 
404847.60000 	 3547.00000 	 122.00000 	 
404898.60000 	 3509.00000 	 122.00000 	 
404919.30000 	 3485.00000 	 128.00000 	 
404893.40000 	 3511.00000 	 122.00000 	 
404887.50000 	 3519.00000 	 122.00000 	 
404632.50000 	 3905.00000 	 119.00000 	 
404817.40000 	 3783.00000 	 118.70000 	 
404657.00000 	 3833.00000 	 119.00000 	 
404647.80000 	 3855.00000 	 119.00000 	 
404682.50000 	 3761.00000 	 122.00000 	 
404706.00000 	 3709.00000 	 122.00000 	 
404774.60000 	 3709.00000 	 119.00000 	 
404703.80000 	 3723.00000 	 119.00000 	 
404709.90000 	 3703.00000 	 122.00000 	 
404725.20000 	 3683.00000 	 122.00000 	 
404748.00000 	 3659.00000 	 122.00000 	 
404796.80000 	 3605.00000 	 122.00000 	 
404833.50000 	 3561.00000 	 122.00000 	 
404667.80000 	 3789.00000 	 122.00000 	 
404667.60000 	 3799.00000 	 122.00000 	 
404671.50000 	 3785.00000 	 122.00000 	 
404687.00000 	 3753.00000 	 119.00000 	 
404676.20000 	 3767.00000 	 119.00000 	 
404682.90000 	 3759.00000 	 122.00000 	 
404741.40000 	 3669.00000 	 122.00000 	 
404794.20000 	 3611.00000 	 122.00000 	 
404800.50000 	 3593.00000 	 122.00000 	 
