86209.70000 	 710.00000 	 86.00000 	 4.82322 	 -0.53326 	 -1.70990 	 
15.00000 	 86.00000 	 81.90000 	 79.10000 	 74.90000 	 45.80000 	 29.00000 	 34.00000 	 59.80000 	 79.00000 	 63.00000 	 51.70000 	 44.60000 	 52.50000 	 40.70000 	 10.00000 	 3.00000 	 51.50000 	 40.00000 	 33.40000 	 55.80000 	 41.30000 	 9.00000 	 21.00000 	 
 
86230.10000 	 728.00000 	 83.00000 	 4.78532 	 -0.53163 	 -1.50771 	 
15.00000 	 83.00000 	 81.90000 	 82.40000 	 72.20000 	 47.90000 	 29.00000 	 34.00000 	 59.80000 	 79.00000 	 63.00000 	 51.70000 	 44.60000 	 52.50000 	 41.00000 	 10.00000 	 3.00000 	 51.50000 	 40.00000 	 33.40000 	 55.80000 	 41.30000 	 9.00000 	 21.00000 	 
 
86225.60000 	 730.00000 	 83.00000 	 4.78484 	 -0.53716 	 -1.50771 	 
15.00000 	 83.00000 	 81.90000 	 82.40000 	 70.40000 	 48.50000 	 30.50000 	 34.00000 	 59.80000 	 79.00000 	 63.00000 	 51.70000 	 47.30000 	 48.00000 	 42.50000 	 10.00000 	 3.00000 	 51.50000 	 40.00000 	 33.40000 	 55.80000 	 41.30000 	 9.00000 	 21.00000 	 
 
86211.80000 	 710.00000 	 86.00000 	 4.78590 	 -0.53163 	 -1.75751 	 
15.00000 	 86.00000 	 81.90000 	 81.50000 	 70.40000 	 47.90000 	 29.00000 	 34.00000 	 59.80000 	 79.00000 	 62.70000 	 52.00000 	 44.60000 	 52.50000 	 40.70000 	 10.00000 	 3.00000 	 51.50000 	 40.00000 	 33.40000 	 55.80000 	 41.30000 	 9.00000 	 21.00000 	 
 
86257.70000 	 727.00000 	 83.00000 	 4.78709 	 -0.53084 	 -1.50771 	 
15.00000 	 83.00000 	 81.90000 	 82.40000 	 72.20000 	 47.90000 	 29.00000 	 34.00000 	 59.80000 	 79.00000 	 63.00000 	 52.00000 	 44.60000 	 52.50000 	 41.00000 	 10.00000 	 3.00000 	 51.50000 	 40.00000 	 33.40000 	 55.80000 	 41.30000 	 9.00000 	 21.00000 	 
 
86235.20000 	 750.00000 	 80.10000 	 4.77829 	 -0.53517 	 -1.17654 	 
15.00000 	 80.00000 	 80.10000 	 80.00000 	 77.30000 	 48.50000 	 30.80000 	 34.00000 	 59.80000 	 79.00000 	 63.00000 	 51.70000 	 44.60000 	 52.50000 	 40.70000 	 10.00000 	 3.00000 	 51.50000 	 40.00000 	 33.40000 	 55.80000 	 41.30000 	 9.00000 	 21.00000 	 
 
86230.10000 	 730.00000 	 82.40000 	 4.77158 	 -0.53100 	 -1.39881 	 
15.00000 	 82.40000 	 81.90000 	 79.70000 	 74.90000 	 48.50000 	 29.00000 	 34.00000 	 59.80000 	 79.00000 	 63.00000 	 52.00000 	 44.60000 	 52.50000 	 40.70000 	 10.00000 	 3.00000 	 51.50000 	 40.00000 	 33.40000 	 55.80000 	 41.30000 	 9.00000 	 21.00000 	 
 
86240.60000 	 730.00000 	 80.30000 	 4.73163 	 -0.53122 	 -1.20100 	 
15.00000 	 80.00000 	 80.10000 	 80.30000 	 77.30000 	 50.00000 	 29.00000 	 34.00000 	 59.80000 	 79.00000 	 63.00000 	 51.70000 	 44.60000 	 52.50000 	 40.70000 	 10.00000 	 3.00000 	 51.50000 	 40.00000 	 33.40000 	 55.80000 	 41.30000 	 9.00000 	 21.00000 	 
 
86237.90000 	 750.00000 	 80.10000 	 4.77844 	 -0.53545 	 -1.17654 	 
15.00000 	 80.00000 	 80.10000 	 80.00000 	 77.30000 	 48.50000 	 30.80000 	 34.00000 	 59.80000 	 79.00000 	 62.70000 	 52.00000 	 44.60000 	 52.50000 	 40.70000 	 10.00000 	 3.00000 	 51.50000 	 40.00000 	 33.40000 	 55.80000 	 41.30000 	 9.00000 	 21.00000 	 
 
86230.10000 	 730.00000 	 82.50000 	 4.78301 	 -0.53145 	 -1.41021 	 
15.00000 	 82.40000 	 82.50000 	 79.70000 	 74.90000 	 47.90000 	 29.00000 	 34.00000 	 59.80000 	 79.00000 	 63.00000 	 52.00000 	 44.60000 	 52.50000 	 40.70000 	 10.00000 	 3.00000 	 51.50000 	 40.00000 	 33.40000 	 55.80000 	 41.30000 	 9.00000 	 21.00000 	 
 
86497.40000 	 486.00000 	 95.00000 	 5.05552 	 -0.55156 	 -1.97363 	 
15.00000 	 95.00000 	 79.80000 	 75.50000 	 69.80000 	 47.00000 	 29.00000 	 34.00000 	 59.80000 	 79.00000 	 62.70000 	 51.70000 	 43.70000 	 50.70000 	 43.70000 	 22.00000 	 27.00000 	 50.00000 	 32.50000 	 29.80000 	 39.00000 	 39.50000 	 4.80000 	 21.00000 	 
 
86538.20000 	 480.00000 	 94.40000 	 5.07624 	 -0.54956 	 -1.91687 	 
15.00000 	 94.40000 	 79.20000 	 76.70000 	 69.80000 	 47.00000 	 29.00000 	 33.40000 	 60.40000 	 79.00000 	 62.70000 	 49.30000 	 46.70000 	 50.70000 	 43.70000 	 25.00000 	 27.00000 	 50.00000 	 32.50000 	 26.80000 	 40.20000 	 39.50000 	 3.00000 	 21.00000 	 
 
86530.40000 	 485.00000 	 95.00000 	 5.05771 	 -0.55107 	 -1.97363 	 
15.00000 	 95.00000 	 79.80000 	 75.50000 	 69.80000 	 47.00000 	 29.00000 	 34.00000 	 59.80000 	 79.00000 	 62.70000 	 51.70000 	 43.70000 	 50.70000 	 44.00000 	 22.00000 	 27.00000 	 50.00000 	 32.50000 	 29.80000 	 39.00000 	 39.50000 	 4.80000 	 21.00000 	 
 
86497.40000 	 486.00000 	 95.00000 	 5.05552 	 -0.55267 	 -1.94099 	 
15.00000 	 95.00000 	 79.80000 	 75.50000 	 69.80000 	 47.00000 	 29.00000 	 34.00000 	 59.80000 	 79.00000 	 62.70000 	 51.70000 	 43.70000 	 50.70000 	 43.70000 	 25.00000 	 24.00000 	 50.00000 	 32.50000 	 29.80000 	 39.00000 	 39.50000 	 4.80000 	 21.00000 	 
 
86508.20000 	 486.00000 	 95.00000 	 5.13557 	 -0.55347 	 -1.94099 	 
15.00000 	 95.00000 	 79.80000 	 75.50000 	 69.80000 	 47.00000 	 29.00000 	 34.00000 	 59.80000 	 78.70000 	 62.70000 	 51.70000 	 43.70000 	 50.70000 	 44.00000 	 25.00000 	 24.00000 	 50.00000 	 32.50000 	 29.80000 	 39.00000 	 39.50000 	 4.80000 	 21.00000 	 
 
86530.40000 	 485.00000 	 95.00000 	 5.05771 	 -0.55219 	 -1.94099 	 
15.00000 	 95.00000 	 79.80000 	 75.50000 	 69.80000 	 47.00000 	 29.00000 	 34.00000 	 59.80000 	 79.00000 	 62.70000 	 51.70000 	 43.70000 	 50.70000 	 44.00000 	 25.00000 	 24.00000 	 50.00000 	 32.50000 	 29.80000 	 39.00000 	 39.50000 	 4.80000 	 21.00000 	 
 
86866.70000 	 410.00000 	 95.00000 	 5.21058 	 -0.57051 	 -1.92093 	 
15.00000 	 95.00000 	 81.00000 	 76.10000 	 68.60000 	 45.50000 	 29.00000 	 34.00000 	 59.80000 	 79.00000 	 63.00000 	 49.00000 	 44.00000 	 50.70000 	 43.70000 	 34.00000 	 36.00000 	 50.00000 	 32.50000 	 22.00000 	 30.60000 	 39.50000 	 3.00000 	 21.00000 	 
 
86865.20000 	 413.00000 	 95.00000 	 5.17067 	 -0.56897 	 -1.91707 	 
15.00000 	 95.00000 	 79.50000 	 75.50000 	 69.80000 	 47.00000 	 29.00000 	 34.00000 	 59.80000 	 79.00000 	 63.00000 	 49.00000 	 43.70000 	 50.70000 	 43.70000 	 34.00000 	 36.00000 	 50.00000 	 32.50000 	 22.00000 	 30.60000 	 39.50000 	 3.00000 	 21.00000 	 
 
86877.50000 	 408.00000 	 95.00000 	 5.20823 	 -0.57046 	 -1.91707 	 
15.00000 	 95.00000 	 79.80000 	 75.50000 	 69.80000 	 45.80000 	 29.00000 	 34.00000 	 59.80000 	 79.00000 	 63.00000 	 49.00000 	 44.00000 	 51.00000 	 43.70000 	 34.00000 	 36.00000 	 50.00000 	 32.50000 	 22.00000 	 30.60000 	 39.50000 	 3.00000 	 21.00000 	 
 
86865.20000 	 413.00000 	 95.00000 	 5.20413 	 -0.57027 	 -1.91707 	 
15.00000 	 95.00000 	 81.00000 	 75.50000 	 69.80000 	 45.50000 	 29.00000 	 34.00000 	 59.80000 	 79.00000 	 63.00000 	 49.00000 	 43.70000 	 50.70000 	 43.70000 	 34.00000 	 36.00000 	 50.00000 	 32.50000 	 22.00000 	 30.60000 	 39.50000 	 3.00000 	 21.00000 	 
 
86840.60000 	 414.00000 	 95.00000 	 5.16156 	 -0.56942 	 -1.92463 	 
15.00000 	 95.00000 	 79.50000 	 76.70000 	 68.60000 	 47.00000 	 29.00000 	 33.40000 	 60.40000 	 79.00000 	 63.00000 	 48.70000 	 43.70000 	 50.70000 	 43.70000 	 34.00000 	 36.00000 	 50.00000 	 32.50000 	 22.00000 	 30.60000 	 39.50000 	 3.00000 	 21.00000 	 
 
86201.90000 	 680.00000 	 92.00000 	 4.83349 	 -0.53186 	 -2.08885 	 
15.00000 	 92.00000 	 82.80000 	 77.30000 	 69.80000 	 45.80000 	 29.00000 	 34.00000 	 59.80000 	 79.00000 	 63.00000 	 51.70000 	 44.60000 	 52.50000 	 40.70000 	 10.00000 	 3.00000 	 51.50000 	 40.00000 	 33.40000 	 55.80000 	 41.30000 	 9.00000 	 21.00000 	 
 
86322.50000 	 679.00000 	 92.00000 	 4.81716 	 -0.54018 	 -2.08885 	 
15.00000 	 92.00000 	 81.60000 	 77.30000 	 69.80000 	 47.00000 	 29.00000 	 31.00000 	 59.80000 	 79.00000 	 64.50000 	 52.00000 	 47.30000 	 51.00000 	 41.00000 	 10.00000 	 3.00000 	 51.50000 	 40.00000 	 33.40000 	 55.80000 	 41.30000 	 9.00000 	 21.00000 	 
 
86273.90000 	 722.00000 	 89.00000 	 4.71553 	 -0.52164 	 -1.94423 	 
15.00000 	 89.00000 	 81.00000 	 80.30000 	 68.00000 	 49.10000 	 29.00000 	 33.40000 	 60.40000 	 79.00000 	 62.70000 	 51.70000 	 44.00000 	 53.10000 	 43.70000 	 4.00000 	 -0.00000 	 53.00000 	 45.10000 	 32.80000 	 52.20000 	 45.50000 	 9.00000 	 21.00000 	 
 
86353.40000 	 688.00000 	 89.00000 	 4.87801 	 -0.52208 	 -1.88398 	 
15.00000 	 89.00000 	 82.80000 	 77.30000 	 69.80000 	 47.00000 	 29.00000 	 34.00000 	 58.00000 	 79.00000 	 63.00000 	 53.50000 	 44.60000 	 52.50000 	 40.70000 	 10.00000 	 3.00000 	 54.50000 	 40.00000 	 35.20000 	 57.00000 	 41.30000 	 4.80000 	 21.00000 	 
 
86207.00000 	 710.00000 	 86.00000 	 4.80083 	 -0.53235 	 -1.78283 	 
15.00000 	 86.00000 	 80.10000 	 82.40000 	 72.20000 	 47.00000 	 29.00000 	 34.00000 	 59.80000 	 79.00000 	 63.00000 	 51.70000 	 44.60000 	 52.50000 	 40.70000 	 10.00000 	 3.00000 	 51.50000 	 40.00000 	 33.40000 	 55.80000 	 41.30000 	 9.00000 	 21.00000 	 
 
86274.80000 	 690.00000 	 88.70000 	 4.36123 	 -0.52568 	 -2.00731 	 
15.00000 	 88.70000 	 79.80000 	 82.40000 	 72.20000 	 44.00000 	 28.70000 	 34.00000 	 59.80000 	 79.00000 	 63.00000 	 49.00000 	 49.40000 	 51.00000 	 41.00000 	 10.00000 	 3.00000 	 51.50000 	 40.00000 	 33.40000 	 55.80000 	 41.30000 	 9.00000 	 21.00000 	 
 
86268.80000 	 694.00000 	 92.00000 	 4.82199 	 -0.53377 	 -2.16425 	 
15.00000 	 92.00000 	 80.40000 	 80.00000 	 68.30000 	 47.00000 	 29.00000 	 34.90000 	 58.00000 	 79.00000 	 63.00000 	 52.00000 	 44.00000 	 52.50000 	 40.70000 	 10.00000 	 -0.00000 	 53.00000 	 44.50000 	 35.20000 	 52.20000 	 41.30000 	 9.00000 	 21.00000 	 
 
86209.70000 	 710.00000 	 86.00000 	 4.80098 	 -0.53263 	 -1.78283 	 
15.00000 	 86.00000 	 80.10000 	 82.40000 	 72.20000 	 47.00000 	 29.00000 	 34.00000 	 59.80000 	 79.00000 	 62.70000 	 52.00000 	 44.60000 	 52.50000 	 40.70000 	 10.00000 	 3.00000 	 51.50000 	 40.00000 	 33.40000 	 55.80000 	 41.30000 	 9.00000 	 21.00000 	 
 
86297.60000 	 708.00000 	 86.00000 	 4.47873 	 -0.53211 	 -1.78283 	 
15.00000 	 86.00000 	 79.80000 	 82.40000 	 72.20000 	 47.00000 	 29.00000 	 31.00000 	 59.80000 	 80.50000 	 63.00000 	 52.00000 	 47.30000 	 51.00000 	 41.00000 	 10.00000 	 3.00000 	 51.50000 	 40.00000 	 33.40000 	 55.80000 	 41.30000 	 9.00000 	 21.00000 	 
 
86211.50000 	 710.00000 	 86.00000 	 4.81847 	 -0.53603 	 -1.78283 	 
15.00000 	 86.00000 	 81.00000 	 82.40000 	 72.20000 	 46.10000 	 29.00000 	 34.00000 	 59.80000 	 79.00000 	 63.00000 	 51.70000 	 47.30000 	 48.00000 	 42.50000 	 10.00000 	 3.00000 	 51.50000 	 40.00000 	 33.40000 	 55.80000 	 41.30000 	 9.00000 	 21.00000 	 
 
86220.50000 	 630.00000 	 95.00000 	 4.82658 	 -0.53714 	 -2.20692 	 
15.00000 	 95.00000 	 79.80000 	 76.10000 	 69.80000 	 47.00000 	 29.00000 	 34.00000 	 59.80000 	 79.00000 	 63.00000 	 51.70000 	 44.60000 	 52.50000 	 40.70000 	 10.00000 	 9.00000 	 47.00000 	 38.50000 	 33.40000 	 55.80000 	 41.30000 	 9.00000 	 21.00000 	 
 
86296.70000 	 630.00000 	 95.00000 	 5.67999 	 -0.54817 	 -2.20692 	 
15.00000 	 95.00000 	 79.80000 	 76.10000 	 69.80000 	 47.00000 	 29.00000 	 34.00000 	 59.80000 	 76.00000 	 63.00000 	 52.00000 	 47.30000 	 52.50000 	 40.70000 	 10.00000 	 9.00000 	 47.00000 	 38.50000 	 35.20000 	 55.80000 	 39.50000 	 9.00000 	 21.00000 	 
 
86303.30000 	 620.00000 	 95.00000 	 4.86323 	 -0.53330 	 -2.20692 	 
15.00000 	 95.00000 	 79.80000 	 76.10000 	 69.80000 	 47.00000 	 29.00000 	 34.00000 	 58.00000 	 79.00000 	 63.00000 	 51.70000 	 44.60000 	 52.50000 	 40.70000 	 10.00000 	 9.00000 	 50.00000 	 38.50000 	 34.00000 	 55.80000 	 39.50000 	 9.00000 	 21.00000 	 
 
86234.90000 	 632.00000 	 95.00000 	 4.82690 	 -0.54073 	 -2.20692 	 
15.00000 	 95.00000 	 79.80000 	 76.10000 	 69.80000 	 47.00000 	 29.00000 	 34.00000 	 59.80000 	 79.00000 	 62.70000 	 51.70000 	 47.30000 	 48.00000 	 42.80000 	 10.00000 	 9.00000 	 47.00000 	 38.50000 	 33.40000 	 55.80000 	 41.30000 	 9.00000 	 21.00000 	 
 
86384.30000 	 620.00000 	 95.00000 	 5.72078 	 -0.54870 	 -2.20692 	 
15.00000 	 95.00000 	 79.80000 	 76.10000 	 69.80000 	 47.00000 	 29.00000 	 34.00000 	 58.00000 	 76.00000 	 63.00000 	 51.70000 	 47.30000 	 52.50000 	 41.00000 	 10.00000 	 9.00000 	 50.00000 	 38.50000 	 34.00000 	 55.80000 	 39.50000 	 9.00000 	 21.00000 	 
 
86323.70000 	 607.00000 	 95.00000 	 4.88959 	 -0.53303 	 -2.20692 	 
15.00000 	 95.00000 	 81.00000 	 76.10000 	 69.80000 	 45.80000 	 29.00000 	 34.00000 	 59.80000 	 79.00000 	 63.00000 	 51.70000 	 47.30000 	 50.70000 	 40.70000 	 10.00000 	 9.00000 	 50.00000 	 38.50000 	 35.20000 	 57.00000 	 39.50000 	 4.80000 	 21.00000 	 
 
86243.30000 	 620.00000 	 95.00000 	 4.91535 	 -0.53633 	 -2.20692 	 
15.00000 	 95.00000 	 79.80000 	 76.10000 	 69.80000 	 47.00000 	 29.00000 	 34.00000 	 59.50000 	 78.70000 	 62.70000 	 51.70000 	 47.30000 	 50.70000 	 40.70000 	 10.00000 	 9.00000 	 47.00000 	 38.50000 	 35.20000 	 57.00000 	 42.50000 	 4.80000 	 21.00000 	 
 
86233.70000 	 622.00000 	 95.00000 	 4.85307 	 -0.53325 	 -2.20692 	 
15.00000 	 95.00000 	 79.80000 	 76.10000 	 69.80000 	 47.00000 	 29.00000 	 34.00000 	 59.80000 	 79.00000 	 63.00000 	 51.70000 	 44.60000 	 52.50000 	 40.70000 	 10.00000 	 9.00000 	 49.40000 	 38.50000 	 35.20000 	 55.80000 	 41.30000 	 4.80000 	 21.00000 	 
 
86239.70000 	 620.00000 	 95.00000 	 4.92222 	 -0.54098 	 -2.20692 	 
15.00000 	 95.00000 	 79.80000 	 76.10000 	 69.80000 	 47.00000 	 29.00000 	 34.00000 	 59.50000 	 78.70000 	 62.70000 	 51.70000 	 47.30000 	 50.70000 	 40.70000 	 10.00000 	 9.00000 	 47.00000 	 38.50000 	 37.60000 	 55.80000 	 41.30000 	 4.80000 	 21.00000 	 
 
86554.10000 	 600.00000 	 95.00000 	 4.89906 	 -0.51754 	 -2.31781 	 
15.00000 	 95.00000 	 81.00000 	 76.10000 	 69.80000 	 45.80000 	 29.00000 	 34.00000 	 59.80000 	 79.00000 	 60.00000 	 51.70000 	 47.30000 	 52.50000 	 41.00000 	 25.00000 	 3.00000 	 47.00000 	 38.50000 	 34.00000 	 57.00000 	 30.50000 	 9.00000 	 21.00000 	 
 
86325.50000 	 550.00000 	 95.00000 	 5.05149 	 -0.56183 	 -2.03604 	 
15.00000 	 95.00000 	 81.00000 	 75.50000 	 69.80000 	 46.10000 	 29.00000 	 34.00000 	 59.80000 	 78.70000 	 62.70000 	 51.70000 	 47.30000 	 50.70000 	 40.70000 	 16.00000 	 18.00000 	 49.40000 	 35.50000 	 32.20000 	 46.80000 	 41.30000 	 4.80000 	 21.00000 	 
 
86309.60000 	 560.00000 	 95.00000 	 4.95411 	 -0.55178 	 -2.04139 	 
15.00000 	 95.00000 	 79.80000 	 76.10000 	 69.80000 	 47.00000 	 29.00000 	 34.00000 	 59.80000 	 79.00000 	 63.00000 	 51.70000 	 44.60000 	 52.50000 	 40.70000 	 16.00000 	 18.00000 	 50.00000 	 35.50000 	 32.80000 	 45.60000 	 41.30000 	 4.80000 	 21.00000 	 
 
86329.70000 	 548.00000 	 95.00000 	 5.05494 	 -0.56106 	 -2.03604 	 
15.00000 	 95.00000 	 81.00000 	 75.50000 	 69.80000 	 46.10000 	 29.00000 	 34.00000 	 59.80000 	 78.70000 	 62.70000 	 51.70000 	 47.30000 	 50.70000 	 40.70000 	 16.00000 	 18.00000 	 50.00000 	 35.50000 	 32.80000 	 45.60000 	 41.30000 	 4.80000 	 21.00000 	 
 
86363.60000 	 550.00000 	 95.00000 	 4.97022 	 -0.54411 	 -2.04139 	 
15.00000 	 95.00000 	 81.00000 	 76.10000 	 69.80000 	 45.80000 	 29.00000 	 34.00000 	 59.80000 	 79.00000 	 63.00000 	 51.70000 	 44.60000 	 52.50000 	 43.70000 	 16.00000 	 18.00000 	 50.00000 	 35.50000 	 32.20000 	 39.00000 	 41.30000 	 9.00000 	 21.00000 	 
 
86309.60000 	 560.00000 	 95.00000 	 4.97881 	 -0.55276 	 -2.04139 	 
15.00000 	 95.00000 	 81.00000 	 76.10000 	 69.80000 	 45.80000 	 29.00000 	 34.00000 	 59.80000 	 79.00000 	 63.00000 	 51.70000 	 44.60000 	 52.50000 	 40.70000 	 16.00000 	 18.00000 	 50.00000 	 35.50000 	 32.80000 	 45.60000 	 41.30000 	 4.80000 	 21.00000 	 
 
86383.70000 	 538.00000 	 95.00000 	 5.04604 	 -0.55231 	 -2.03604 	 
15.00000 	 95.00000 	 81.00000 	 75.50000 	 69.80000 	 46.10000 	 29.00000 	 34.00000 	 59.80000 	 78.70000 	 62.70000 	 51.70000 	 47.30000 	 50.70000 	 43.70000 	 16.00000 	 18.00000 	 50.00000 	 35.50000 	 32.20000 	 39.00000 	 41.30000 	 9.00000 	 21.00000 	 
 
86471.60000 	 550.00000 	 91.40000 	 4.67649 	 -0.54742 	 -1.77949 	 
15.00000 	 91.40000 	 81.30000 	 74.30000 	 72.20000 	 45.80000 	 29.00000 	 35.20000 	 58.00000 	 80.50000 	 63.00000 	 53.80000 	 43.70000 	 50.70000 	 40.10000 	 22.00000 	 18.00000 	 49.40000 	 32.50000 	 32.20000 	 46.80000 	 41.30000 	 4.80000 	 21.00000 	 
 
86354.00000 	 546.00000 	 95.00000 	 5.00675 	 -0.56235 	 -2.03604 	 
15.00000 	 95.00000 	 81.00000 	 75.50000 	 69.80000 	 45.80000 	 29.00000 	 35.20000 	 58.00000 	 79.00000 	 62.70000 	 51.70000 	 47.30000 	 50.70000 	 40.70000 	 16.00000 	 18.00000 	 50.00000 	 35.50000 	 32.20000 	 46.80000 	 41.30000 	 4.80000 	 21.00000 	 
 
86399.90000 	 532.00000 	 95.00000 	 5.08585 	 -0.55432 	 -1.98073 	 
15.00000 	 95.00000 	 81.00000 	 75.50000 	 69.80000 	 46.10000 	 29.00000 	 35.20000 	 58.00000 	 78.70000 	 62.70000 	 53.50000 	 43.70000 	 50.70000 	 40.10000 	 22.00000 	 18.00000 	 49.40000 	 32.50000 	 32.20000 	 46.80000 	 41.30000 	 4.80000 	 21.00000 	 
 
86348.30000 	 548.00000 	 95.00000 	 5.07457 	 -0.56313 	 -2.03604 	 
15.00000 	 95.00000 	 81.00000 	 75.50000 	 69.80000 	 46.10000 	 29.00000 	 35.20000 	 58.00000 	 78.70000 	 62.70000 	 51.70000 	 47.30000 	 50.70000 	 40.70000 	 16.00000 	 18.00000 	 50.00000 	 35.50000 	 32.20000 	 46.80000 	 41.30000 	 4.80000 	 21.00000 	 
 
86326.10000 	 554.00000 	 95.00000 	 5.04604 	 -0.56004 	 -2.03604 	 
15.00000 	 95.00000 	 81.00000 	 75.50000 	 69.80000 	 46.10000 	 29.00000 	 34.00000 	 59.80000 	 78.70000 	 62.70000 	 51.70000 	 47.30000 	 50.10000 	 40.70000 	 16.00000 	 18.00000 	 49.40000 	 34.90000 	 32.20000 	 48.00000 	 41.30000 	 4.80000 	 21.00000 	 
 
96112.70000 	 263.00000 	 102.00000 	 17.66810 	 -0.60860 	 -2.13829 	 
102.00000 	 101.00000 	 81.00000 	 71.90000 	 54.20000 	 41.00000 	 29.00000 	 43.00000 	 63.10000 	 67.00000 	 63.00000 	 46.00000 	 44.00000 	 57.00000 	 51.80000 	 43.00000 	 48.60000 	 54.50000 	 37.00000 	 19.00000 	 37.50000 	 26.00000 	 24.00000 	 27.00000 	 
 
86202.80000 	 680.00000 	 92.00000 	 4.83965 	 -0.53203 	 -2.08885 	 
15.00000 	 92.00000 	 83.70000 	 76.70000 	 69.80000 	 45.50000 	 29.00000 	 34.00000 	 59.80000 	 79.00000 	 63.00000 	 51.70000 	 44.60000 	 52.50000 	 40.70000 	 10.00000 	 3.00000 	 51.50000 	 40.00000 	 33.40000 	 55.80000 	 41.30000 	 9.00000 	 21.00000 	 
 
86234.90000 	 679.00000 	 92.00000 	 4.83558 	 -0.53139 	 -2.08885 	 
15.00000 	 92.00000 	 82.80000 	 77.30000 	 69.80000 	 45.80000 	 29.00000 	 34.00000 	 59.80000 	 79.00000 	 63.00000 	 51.70000 	 44.60000 	 52.50000 	 41.00000 	 10.00000 	 3.00000 	 51.50000 	 40.00000 	 33.40000 	 55.80000 	 41.30000 	 9.00000 	 21.00000 	 
 
86220.20000 	 698.00000 	 89.00000 	 4.81056 	 -0.53419 	 -1.94970 	 
15.00000 	 89.00000 	 81.60000 	 80.00000 	 69.80000 	 47.00000 	 29.00000 	 34.00000 	 59.80000 	 79.00000 	 63.00000 	 52.00000 	 47.30000 	 48.00000 	 42.50000 	 10.00000 	 3.00000 	 51.50000 	 40.00000 	 33.40000 	 55.80000 	 41.30000 	 9.00000 	 21.00000 	 
 
86211.50000 	 700.00000 	 89.00000 	 4.80831 	 -0.53428 	 -1.95402 	 
15.00000 	 89.00000 	 83.70000 	 80.00000 	 68.00000 	 47.00000 	 29.00000 	 34.00000 	 59.80000 	 79.00000 	 63.00000 	 51.70000 	 47.30000 	 48.00000 	 42.50000 	 10.00000 	 3.00000 	 51.50000 	 40.00000 	 33.40000 	 55.80000 	 41.30000 	 9.00000 	 21.00000 	 
 
86209.10000 	 700.00000 	 89.00000 	 4.82432 	 -0.53519 	 -1.95077 	 
15.00000 	 89.00000 	 82.80000 	 80.00000 	 69.80000 	 46.10000 	 29.00000 	 34.00000 	 59.80000 	 79.00000 	 63.00000 	 51.70000 	 47.30000 	 48.00000 	 42.50000 	 10.00000 	 3.00000 	 51.50000 	 40.00000 	 33.40000 	 55.80000 	 41.30000 	 9.00000 	 21.00000 	 
 
86219.30000 	 670.00000 	 92.00000 	 4.88691 	 -0.53891 	 -2.08885 	 
15.00000 	 92.00000 	 81.60000 	 77.30000 	 69.80000 	 47.00000 	 29.00000 	 34.00000 	 59.50000 	 78.70000 	 62.70000 	 51.70000 	 47.30000 	 50.70000 	 40.70000 	 10.00000 	 3.00000 	 51.50000 	 40.00000 	 33.40000 	 55.80000 	 41.30000 	 9.00000 	 21.00000 	 
 
86206.40000 	 680.00000 	 92.00000 	 4.81044 	 -0.53393 	 -2.08885 	 
15.00000 	 92.00000 	 81.60000 	 77.30000 	 69.80000 	 47.00000 	 29.00000 	 34.00000 	 59.80000 	 79.00000 	 63.00000 	 51.70000 	 47.30000 	 48.00000 	 42.50000 	 10.00000 	 3.00000 	 51.50000 	 40.00000 	 33.40000 	 55.80000 	 41.30000 	 9.00000 	 21.00000 	 
 
86204.60000 	 700.00000 	 89.00000 	 4.80664 	 -0.53151 	 -1.94970 	 
15.00000 	 89.00000 	 81.90000 	 80.00000 	 69.80000 	 47.00000 	 29.00000 	 34.00000 	 59.80000 	 79.00000 	 63.00000 	 51.70000 	 44.60000 	 52.50000 	 40.70000 	 10.00000 	 3.00000 	 51.50000 	 40.00000 	 33.40000 	 55.80000 	 41.30000 	 9.00000 	 21.00000 	 
 
86206.40000 	 680.00000 	 92.00000 	 4.83374 	 -0.53485 	 -2.08885 	 
15.00000 	 92.00000 	 82.80000 	 77.30000 	 69.80000 	 45.80000 	 29.00000 	 34.00000 	 59.80000 	 79.00000 	 63.00000 	 51.70000 	 47.30000 	 48.00000 	 42.50000 	 10.00000 	 3.00000 	 51.50000 	 40.00000 	 33.40000 	 55.80000 	 41.30000 	 9.00000 	 21.00000 	 
 
86216.30000 	 682.00000 	 92.00000 	 4.83381 	 -0.53546 	 -2.08885 	 
15.00000 	 92.00000 	 82.80000 	 77.30000 	 69.80000 	 45.80000 	 29.00000 	 34.00000 	 59.80000 	 79.00000 	 62.70000 	 51.70000 	 47.30000 	 48.00000 	 42.80000 	 10.00000 	 3.00000 	 51.50000 	 40.00000 	 33.40000 	 55.80000 	 41.30000 	 9.00000 	 21.00000 	 
 
86256.50000 	 679.00000 	 92.00000 	 4.81347 	 -0.52587 	 -2.08885 	 
15.00000 	 92.00000 	 81.60000 	 77.30000 	 69.80000 	 47.00000 	 29.00000 	 34.00000 	 59.80000 	 79.00000 	 63.00000 	 49.00000 	 47.30000 	 52.50000 	 41.00000 	 10.00000 	 3.00000 	 51.50000 	 40.00000 	 33.40000 	 55.80000 	 41.30000 	 9.00000 	 21.00000 	 
 
86205.20000 	 650.00000 	 95.00000 	 4.82175 	 -0.53405 	 -2.26871 	 
15.00000 	 95.00000 	 79.80000 	 76.10000 	 69.80000 	 47.00000 	 29.00000 	 34.00000 	 59.80000 	 79.00000 	 63.00000 	 51.70000 	 44.60000 	 52.50000 	 40.70000 	 10.00000 	 6.00000 	 50.00000 	 38.50000 	 33.40000 	 55.80000 	 41.30000 	 9.00000 	 21.00000 	 
 
86243.60000 	 642.00000 	 95.00000 	 4.84961 	 -0.52515 	 -2.26871 	 
15.00000 	 95.00000 	 79.80000 	 76.10000 	 69.80000 	 47.00000 	 29.00000 	 34.00000 	 59.80000 	 79.00000 	 63.00000 	 49.00000 	 47.30000 	 52.50000 	 40.70000 	 10.00000 	 6.00000 	 53.00000 	 37.90000 	 35.20000 	 55.80000 	 41.30000 	 4.80000 	 21.00000 	 
 
86256.20000 	 642.00000 	 95.00000 	 4.82866 	 -0.52886 	 -2.26871 	 
15.00000 	 95.00000 	 79.80000 	 76.10000 	 69.80000 	 47.00000 	 29.00000 	 34.00000 	 59.80000 	 79.00000 	 63.00000 	 49.00000 	 47.30000 	 52.50000 	 40.70000 	 10.00000 	 6.00000 	 53.00000 	 37.90000 	 31.00000 	 55.80000 	 41.30000 	 9.00000 	 21.00000 	 
 
86202.80000 	 660.00000 	 92.00000 	 4.82048 	 -0.53443 	 -2.06334 	 
15.00000 	 92.00000 	 81.60000 	 77.30000 	 69.80000 	 47.00000 	 29.00000 	 34.00000 	 59.80000 	 79.00000 	 63.00000 	 51.70000 	 44.60000 	 52.50000 	 40.70000 	 10.00000 	 6.00000 	 50.00000 	 38.50000 	 33.40000 	 55.80000 	 41.30000 	 9.00000 	 21.00000 	 
 
86220.50000 	 630.00000 	 95.00000 	 4.85003 	 -0.53807 	 -2.20692 	 
15.00000 	 95.00000 	 81.00000 	 76.10000 	 69.80000 	 45.80000 	 29.00000 	 34.00000 	 59.80000 	 79.00000 	 63.00000 	 51.70000 	 44.60000 	 52.50000 	 40.70000 	 10.00000 	 9.00000 	 47.00000 	 38.50000 	 33.40000 	 55.80000 	 41.30000 	 9.00000 	 21.00000 	 
 
86240.90000 	 618.00000 	 95.00000 	 4.93394 	 -0.54634 	 -2.20692 	 
15.00000 	 95.00000 	 81.00000 	 76.10000 	 69.80000 	 45.50000 	 29.00000 	 34.00000 	 59.80000 	 78.70000 	 62.70000 	 51.70000 	 47.30000 	 50.70000 	 40.70000 	 10.00000 	 9.00000 	 47.00000 	 38.50000 	 33.40000 	 55.80000 	 41.30000 	 9.00000 	 21.00000 	 
 
86221.40000 	 630.00000 	 95.00000 	 4.80942 	 -0.53638 	 -2.19924 	 
15.00000 	 95.00000 	 79.50000 	 75.50000 	 69.80000 	 47.90000 	 29.00000 	 34.00000 	 59.80000 	 79.00000 	 63.00000 	 51.70000 	 44.60000 	 52.50000 	 40.70000 	 10.00000 	 9.00000 	 47.00000 	 38.50000 	 33.40000 	 55.80000 	 41.30000 	 9.00000 	 21.00000 	 
 
86291.60000 	 622.00000 	 89.00000 	 4.88171 	 -0.52345 	 -1.92028 	 
15.00000 	 89.00000 	 77.70000 	 79.10000 	 74.90000 	 47.00000 	 29.00000 	 33.10000 	 60.40000 	 78.70000 	 62.70000 	 53.50000 	 43.70000 	 50.70000 	 43.70000 	 16.00000 	 3.00000 	 50.00000 	 38.50000 	 28.60000 	 52.20000 	 45.50000 	 9.00000 	 21.00000 	 
 
86251.40000 	 620.00000 	 95.00000 	 4.90943 	 -0.54174 	 -2.20692 	 
15.00000 	 95.00000 	 81.00000 	 76.10000 	 69.80000 	 45.80000 	 29.00000 	 33.70000 	 59.80000 	 78.70000 	 62.70000 	 51.70000 	 47.30000 	 50.70000 	 40.70000 	 10.00000 	 9.00000 	 47.00000 	 38.50000 	 32.80000 	 52.20000 	 45.50000 	 9.00000 	 21.00000 	 
 
86241.80000 	 622.00000 	 95.00000 	 4.85352 	 -0.53622 	 -2.20692 	 
15.00000 	 95.00000 	 79.80000 	 76.10000 	 69.80000 	 47.00000 	 29.00000 	 34.00000 	 59.80000 	 79.00000 	 63.00000 	 51.70000 	 47.30000 	 48.00000 	 42.50000 	 10.00000 	 9.00000 	 50.00000 	 37.90000 	 35.20000 	 55.80000 	 41.30000 	 4.80000 	 21.00000 	 
 
86358.50000 	 622.00000 	 95.00000 	 4.89497 	 -0.54574 	 -2.20692 	 
15.00000 	 95.00000 	 81.00000 	 76.10000 	 69.80000 	 45.80000 	 29.00000 	 34.00000 	 56.80000 	 79.00000 	 63.00000 	 52.00000 	 47.30000 	 52.50000 	 40.70000 	 10.00000 	 9.00000 	 50.00000 	 37.90000 	 31.00000 	 55.80000 	 41.30000 	 9.00000 	 21.00000 	 
 
