200477.70000 	 245.10000 	 913.00000 	 
598.90000 	 588.70000 	 513.80000 	 399.70000 	 217.10000 	 144.60000 	 25.00000 	 -0.00000 	 306.50000 	 668.00000 	 58.00000 	 0.50000 	 -2.90000 	 11.00000 	 -187.00000 	 59.00000 	 4.20000 	 180.00000 	 -4.00000 	 913.00000 	 130.00000 	 -39.00000 	 -67.00000 	 -88.00000 	 
 
189235.70000 	 490.10000 	 668.00000 	 
582.00000 	 604.00000 	 528.80000 	 385.70000 	 217.40000 	 146.40000 	 25.00000 	 -30.00000 	 320.80000 	 668.00000 	 58.00000 	 11.70000 	 -36.20000 	 25.10000 	 -185.60000 	 83.60000 	 -7.70000 	 179.40000 	 -1.60000 	 668.00000 	 130.00000 	 -32.70000 	 -67.00000 	 -88.00000 	 
 
166108.30000 	 1848.30000 	 666.40000 	 
471.30000 	 572.60000 	 514.10000 	 567.30000 	 563.10000 	 141.50000 	 24.40000 	 2.70000 	 363.20000 	 666.40000 	 0.10000 	 -0.50000 	 -0.00000 	 -1.10000 	 -167.60000 	 -0.40000 	 -101.90000 	 -0.30000 	 -0.00000 	 665.70000 	 7.10000 	 -68.80000 	 -111.30000 	 -90.70000 	 
 
167549.40000 	 1821.60000 	 686.60000 	 
471.30000 	 572.00000 	 514.10000 	 567.30000 	 563.10000 	 141.50000 	 24.40000 	 2.70000 	 363.20000 	 666.40000 	 0.10000 	 4.50000 	 0.80000 	 0.30000 	 -172.10000 	 0.30000 	 -101.00000 	 -0.00000 	 1.10000 	 686.60000 	 4.70000 	 -68.40000 	 -110.20000 	 -89.50000 	 
 
167068.00000 	 1830.80000 	 677.40000 	 
471.30000 	 572.00000 	 514.10000 	 567.30000 	 563.10000 	 141.50000 	 24.40000 	 2.70000 	 363.20000 	 666.40000 	 0.10000 	 4.50000 	 0.80000 	 0.30000 	 -172.10000 	 0.30000 	 -101.00000 	 -0.00000 	 1.10000 	 677.40000 	 4.70000 	 -68.40000 	 -110.20000 	 -89.50000 	 
 
166885.70000 	 1833.40000 	 677.40000 	 
471.30000 	 572.00000 	 514.10000 	 567.30000 	 563.10000 	 141.50000 	 24.40000 	 2.70000 	 363.20000 	 666.40000 	 0.10000 	 4.50000 	 0.80000 	 0.30000 	 -172.10000 	 0.30000 	 -103.10000 	 -0.00000 	 0.30000 	 677.40000 	 4.40000 	 -68.40000 	 -110.20000 	 -89.50000 	 
 
166828.00000 	 1834.00000 	 671.40000 	 
471.30000 	 572.60000 	 514.10000 	 567.30000 	 563.10000 	 141.50000 	 24.40000 	 2.70000 	 363.20000 	 666.40000 	 0.10000 	 4.50000 	 0.80000 	 0.30000 	 -172.10000 	 2.60000 	 -101.90000 	 -0.00000 	 0.40000 	 671.40000 	 4.40000 	 -68.40000 	 -110.20000 	 -89.50000 	 
 
166110.40000 	 1846.50000 	 666.40000 	 
471.30000 	 572.60000 	 514.10000 	 567.30000 	 563.10000 	 141.50000 	 24.40000 	 2.70000 	 363.20000 	 666.40000 	 0.10000 	 -1.10000 	 -0.00000 	 -0.50000 	 -167.60000 	 -0.40000 	 -101.90000 	 -0.30000 	 -0.30000 	 666.00000 	 7.10000 	 -68.80000 	 -111.30000 	 -90.70000 	 
 
167747.20000 	 1639.00000 	 696.00000 	 
482.50000 	 586.50000 	 513.00000 	 547.60000 	 555.90000 	 135.70000 	 24.40000 	 1.10000 	 344.30000 	 669.70000 	 0.10000 	 2.50000 	 -2.30000 	 -2.60000 	 -176.50000 	 12.80000 	 -103.20000 	 1.80000 	 -0.50000 	 695.80000 	 17.80000 	 -67.80000 	 -114.40000 	 -88.60000 	 
 
169642.50000 	 1603.80000 	 696.00000 	 
482.50000 	 587.70000 	 513.00000 	 548.20000 	 555.90000 	 135.70000 	 23.80000 	 1.70000 	 344.30000 	 669.70000 	 0.10000 	 2.50000 	 -5.90000 	 -2.60000 	 -175.90000 	 1.40000 	 -103.20000 	 31.50000 	 0.20000 	 695.70000 	 31.90000 	 -67.80000 	 -114.40000 	 -88.60000 	 
 
169256.10000 	 1610.10000 	 703.00000 	 
482.50000 	 587.70000 	 513.00000 	 548.20000 	 555.90000 	 135.70000 	 23.80000 	 1.70000 	 344.30000 	 669.70000 	 0.10000 	 2.20000 	 -5.90000 	 -2.60000 	 -175.90000 	 1.40000 	 -103.20000 	 32.10000 	 0.20000 	 702.60000 	 17.80000 	 -67.80000 	 -114.40000 	 -88.60000 	 
 
168978.50000 	 1618.00000 	 705.00000 	 
482.50000 	 587.70000 	 513.00000 	 548.20000 	 555.90000 	 135.70000 	 23.80000 	 1.70000 	 342.90000 	 669.70000 	 0.10000 	 5.10000 	 -2.30000 	 -2.60000 	 -175.90000 	 1.40000 	 -104.40000 	 22.70000 	 -1.20000 	 704.70000 	 19.30000 	 -67.80000 	 -114.40000 	 -88.60000 	 
 
168862.00000 	 1619.90000 	 705.00000 	 
482.50000 	 587.70000 	 513.00000 	 548.20000 	 555.90000 	 135.70000 	 23.80000 	 1.70000 	 344.30000 	 669.70000 	 0.10000 	 2.50000 	 -2.30000 	 -2.60000 	 -175.90000 	 1.40000 	 -103.20000 	 22.70000 	 -1.20000 	 704.70000 	 17.80000 	 -67.80000 	 -114.40000 	 -88.60000 	 
 
168680.20000 	 1620.50000 	 712.00000 	 
482.50000 	 586.50000 	 513.00000 	 548.20000 	 555.90000 	 135.70000 	 23.80000 	 1.70000 	 344.30000 	 669.70000 	 0.10000 	 2.50000 	 -2.30000 	 -2.60000 	 -176.50000 	 5.30000 	 -103.20000 	 7.40000 	 -1.20000 	 711.60000 	 22.30000 	 -67.80000 	 -114.40000 	 -88.60000 	 
 
167771.50000 	 1636.10000 	 703.00000 	 
482.50000 	 586.50000 	 513.00000 	 547.60000 	 555.90000 	 135.70000 	 23.80000 	 1.70000 	 344.30000 	 669.70000 	 0.10000 	 2.50000 	 -2.30000 	 -2.60000 	 -176.50000 	 9.80000 	 -103.20000 	 0.20000 	 -1.20000 	 702.60000 	 17.80000 	 -67.80000 	 -114.40000 	 -88.60000 	 
 
170571.50000 	 1546.60000 	 710.00000 	 
486.10000 	 586.50000 	 513.60000 	 548.20000 	 528.30000 	 135.70000 	 24.40000 	 1.40000 	 345.70000 	 664.90000 	 1.30000 	 3.90000 	 1.90000 	 -1.90000 	 -175.60000 	 13.70000 	 -103.20000 	 23.20000 	 0.90000 	 709.80000 	 19.30000 	 -36.30000 	 -114.10000 	 -96.30000 	 
 
167108.80000 	 1639.80000 	 713.00000 	 
482.50000 	 587.70000 	 513.00000 	 542.50000 	 555.90000 	 135.70000 	 24.40000 	 1.10000 	 345.50000 	 669.70000 	 1.30000 	 2.50000 	 -2.90000 	 -2.60000 	 -176.50000 	 -5.60000 	 -104.40000 	 1.50000 	 -0.20000 	 712.50000 	 13.60000 	 -67.80000 	 -114.40000 	 -88.60000 	 
 
167645.80000 	 1661.40000 	 696.00000 	 
482.50000 	 586.50000 	 513.00000 	 547.60000 	 555.90000 	 135.70000 	 24.40000 	 1.10000 	 345.50000 	 668.50000 	 0.10000 	 2.50000 	 -2.30000 	 -2.60000 	 -176.50000 	 2.80000 	 -93.20000 	 1.80000 	 -0.50000 	 695.80000 	 17.80000 	 -67.80000 	 -114.40000 	 -88.60000 	 
 
