200477.70000 	 245.10000 	 913.00000 	 
186834.10000 	 527.30000 	 657.50000 	 
186486.70000 	 502.70000 	 663.60000 	 
187249.40000 	 496.90000 	 665.00000 	 
187624.60000 	 496.50000 	 665.10000 	 
188003.00000 	 496.70000 	 665.00000 	 
194332.40000 	 862.10000 	 608.60000 	 
188824.70000 	 490.50000 	 667.80000 	 
187752.10000 	 495.40000 	 666.20000 	 
187893.40000 	 499.10000 	 664.70000 	 
188219.80000 	 663.40000 	 624.00000 	 
186779.20000 	 503.80000 	 663.50000 	 
188783.20000 	 500.30000 	 664.10000 	 
188321.80000 	 489.90000 	 668.20000 	 
188323.30000 	 494.90000 	 665.60000 	 
187569.10000 	 509.30000 	 662.50000 	 
187613.40000 	 505.30000 	 663.20000 	 
187668.40000 	 505.30000 	 663.10000 	 
188175.50000 	 505.00000 	 663.10000 	 
187756.60000 	 500.90000 	 664.10000 	 
187788.70000 	 518.90000 	 660.00000 	 
187806.80000 	 503.90000 	 663.30000 	 
187982.10000 	 495.20000 	 665.60000 	 
188002.70000 	 494.80000 	 665.70000 	 
187117.40000 	 521.90000 	 658.80000 	 
189199.70000 	 575.10000 	 646.10000 	 
187563.90000 	 494.90000 	 667.40000 	 
188037.10000 	 500.10000 	 664.50000 	 
187774.30000 	 498.10000 	 664.80000 	 
187271.40000 	 490.10000 	 668.00000 	 
186460.60000 	 495.50000 	 665.30000 	 
188413.60000 	 491.30000 	 667.40000 	 
166153.00000 	 1851.70000 	 649.50000 	 
166246.40000 	 1851.10000 	 651.80000 	 
166702.80000 	 1838.70000 	 646.70000 	 
167105.20000 	 1832.20000 	 645.30000 	 
166736.00000 	 1834.50000 	 646.70000 	 
166357.10000 	 1669.80000 	 657.40000 	 
167152.30000 	 1696.30000 	 656.30000 	 
167152.80000 	 1685.20000 	 636.10000 	 
168419.40000 	 1662.10000 	 634.70000 	 
167735.00000 	 1668.80000 	 634.70000 	 
167715.20000 	 1671.90000 	 634.70000 	 
167389.10000 	 1681.50000 	 634.70000 	 
167276.40000 	 1683.90000 	 634.70000 	 
168353.20000 	 1351.30000 	 640.20000 	 
167075.70000 	 1302.10000 	 702.50000 	 
167136.10000 	 1307.20000 	 688.30000 	 
167030.40000 	 1321.70000 	 662.30000 	 
167021.90000 	 1323.80000 	 661.80000 	 
167110.90000 	 1311.20000 	 661.00000 	 
167111.20000 	 1310.00000 	 661.00000 	 
167055.50000 	 1323.80000 	 661.00000 	 
168203.40000 	 1325.10000 	 648.00000 	 
167377.90000 	 1346.10000 	 645.00000 	 
167222.00000 	 1273.50000 	 671.90000 	 
167262.50000 	 1268.30000 	 671.90000 	 
168155.60000 	 1272.60000 	 649.60000 	 
167457.00000 	 1201.50000 	 731.10000 	 
167483.30000 	 1201.70000 	 730.90000 	 
167474.70000 	 1201.10000 	 731.30000 	 
167455.00000 	 1202.70000 	 730.90000 	 
167535.60000 	 1216.90000 	 668.00000 	 
167543.80000 	 1214.30000 	 673.00000 	 
167530.90000 	 1216.70000 	 670.30000 	 
167541.00000 	 1215.50000 	 669.10000 	 
167506.70000 	 1243.10000 	 657.90000 	 
170665.90000 	 1186.20000 	 659.10000 	 
167612.40000 	 1246.30000 	 655.30000 	 
167565.30000 	 1180.50000 	 736.40000 	 
167609.80000 	 1178.80000 	 735.90000 	 
167593.00000 	 1179.10000 	 733.80000 	 
167571.60000 	 1180.50000 	 733.40000 	 
170307.00000 	 1115.30000 	 743.10000 	 
170085.90000 	 1125.20000 	 740.70000 	 
170837.30000 	 1110.30000 	 722.90000 	 
167610.00000 	 1197.70000 	 667.80000 	 
167599.20000 	 1201.70000 	 667.40000 	 
167611.10000 	 1198.90000 	 667.40000 	 
176052.60000 	 1042.90000 	 748.40000 	 
171692.90000 	 1128.30000 	 674.70000 	 
167611.80000 	 1207.10000 	 661.70000 	 
169404.70000 	 1159.40000 	 663.10000 	 
169112.10000 	 1163.60000 	 663.10000 	 
167675.20000 	 1206.80000 	 661.70000 	 
167681.30000 	 1175.70000 	 743.60000 	 
169851.80000 	 1121.10000 	 745.60000 	 
167641.60000 	 1177.30000 	 717.80000 	 
167678.10000 	 1177.30000 	 709.60000 	 
167662.50000 	 1177.30000 	 710.90000 	 
167737.70000 	 1177.70000 	 674.60000 	 
167746.90000 	 1177.70000 	 671.90000 	 
167714.40000 	 1189.90000 	 670.70000 	 
167786.00000 	 1181.30000 	 668.60000 	 
167775.10000 	 1181.50000 	 668.60000 	 
167723.20000 	 1186.70000 	 668.80000 	 
167750.30000 	 1180.50000 	 668.80000 	 
167741.90000 	 1180.50000 	 669.50000 	 
167642.10000 	 1194.10000 	 667.70000 	 
169892.90000 	 1134.10000 	 669.50000 	 
168623.70000 	 1156.20000 	 676.50000 	 
168576.10000 	 1161.20000 	 668.00000 	 
167661.50000 	 1193.50000 	 666.60000 	 
167738.50000 	 1183.70000 	 666.60000 	 
170888.40000 	 1116.40000 	 685.50000 	 
167677.80000 	 1194.90000 	 663.10000 	 
167742.60000 	 1194.30000 	 663.10000 	 
169843.70000 	 1110.60000 	 748.10000 	 
167729.80000 	 1171.10000 	 719.50000 	 
169832.80000 	 1125.50000 	 720.40000 	 
167725.60000 	 1177.10000 	 679.90000 	 
167734.90000 	 1178.90000 	 679.30000 	 
167736.40000 	 1177.10000 	 679.00000 	 
170220.30000 	 1123.00000 	 692.30000 	 
167753.50000 	 1176.90000 	 673.30000 	 
168312.90000 	 1165.00000 	 676.40000 	 
168121.80000 	 1168.50000 	 676.40000 	 
168104.10000 	 1169.60000 	 676.40000 	 
168066.30000 	 1170.30000 	 674.30000 	 
167783.90000 	 1176.50000 	 671.60000 	 
167773.10000 	 1177.70000 	 671.00000 	 
167754.30000 	 1178.10000 	 670.00000 	 
167785.10000 	 1177.70000 	 670.20000 	 
167748.20000 	 1178.10000 	 670.30000 	 
169018.20000 	 1154.00000 	 673.60000 	 
168635.20000 	 1160.50000 	 672.70000 	 
168380.50000 	 1164.10000 	 674.50000 	 
168267.30000 	 1166.10000 	 672.70000 	 
168281.30000 	 1165.90000 	 668.90000 	 
167884.50000 	 1177.00000 	 667.00000 	 
167811.70000 	 1177.30000 	 671.50000 	 
167771.60000 	 1178.10000 	 669.50000 	 
167745.20000 	 1178.10000 	 670.90000 	 
169565.40000 	 1137.30000 	 669.80000 	 
167810.30000 	 1177.40000 	 668.00000 	 
168248.50000 	 1168.10000 	 669.40000 	 
168691.50000 	 1169.70000 	 667.10000 	 
167765.90000 	 1182.00000 	 666.50000 	 
168900.50000 	 1161.40000 	 664.40000 	 
168063.60000 	 1182.70000 	 662.60000 	 
167978.00000 	 1177.40000 	 666.70000 	 
167788.90000 	 1177.80000 	 668.60000 	 
170405.10000 	 1128.70000 	 664.60000 	 
168067.40000 	 1125.10000 	 781.00000 	 
171904.90000 	 1037.40000 	 796.00000 	 
168336.30000 	 1119.70000 	 773.00000 	 
168064.40000 	 1127.50000 	 780.00000 	 
168087.40000 	 1123.30000 	 774.00000 	 
167923.60000 	 1140.90000 	 750.70000 	 
172004.80000 	 1024.00000 	 759.40000 	 
170327.40000 	 1079.60000 	 763.60000 	 
169811.70000 	 1089.80000 	 766.90000 	 
168108.50000 	 1126.90000 	 759.80000 	 
168132.50000 	 1124.10000 	 759.10000 	 
168027.80000 	 1129.70000 	 759.10000 	 
172421.50000 	 1008.90000 	 791.00000 	 
168051.60000 	 1143.70000 	 726.80000 	 
168232.50000 	 1140.10000 	 724.70000 	 
174353.00000 	 1026.10000 	 757.20000 	 
167957.40000 	 1154.30000 	 691.40000 	 
171433.30000 	 1080.60000 	 710.70000 	 
168655.30000 	 1141.10000 	 694.40000 	 
168553.40000 	 1142.80000 	 694.40000 	 
167969.20000 	 1164.90000 	 680.80000 	 
167907.70000 	 1158.30000 	 697.60000 	 
167890.90000 	 1161.90000 	 691.00000 	 
167940.30000 	 1156.10000 	 691.40000 	 
173067.00000 	 1048.50000 	 732.90000 	 
167843.50000 	 1165.40000 	 685.70000 	 
168366.40000 	 1160.40000 	 677.20000 	 
167917.20000 	 1171.30000 	 675.80000 	 
167808.60000 	 1175.80000 	 677.40000 	 
167865.50000 	 1168.20000 	 681.70000 	 
167847.10000 	 1165.00000 	 685.90000 	 
169351.30000 	 1151.10000 	 685.20000 	 
168314.00000 	 1169.40000 	 667.30000 	 
168253.70000 	 1166.90000 	 669.20000 	 
168166.00000 	 1168.50000 	 669.20000 	 
171694.00000 	 1101.80000 	 684.60000 	 
171637.00000 	 1104.00000 	 684.60000 	 
167757.30000 	 1179.50000 	 669.20000 	 
167825.80000 	 1191.10000 	 665.00000 	 
167793.30000 	 1181.80000 	 668.40000 	 
167809.30000 	 1180.20000 	 667.80000 	 
167828.30000 	 1173.50000 	 669.20000 	 
167840.80000 	 1172.10000 	 669.20000 	 
167775.50000 	 1178.10000 	 669.20000 	 
167881.10000 	 1172.40000 	 668.00000 	 
169504.50000 	 1127.40000 	 684.60000 	 
168809.40000 	 1156.70000 	 669.20000 	 
167999.40000 	 1170.60000 	 667.40000 	 
167915.30000 	 1172.40000 	 667.30000 	 
167892.20000 	 1173.00000 	 667.30000 	 
171163.70000 	 1107.00000 	 684.60000 	 
171034.70000 	 1114.80000 	 686.90000 	 
169962.30000 	 1133.70000 	 675.00000 	 
169644.50000 	 1137.20000 	 679.20000 	 
166956.40000 	 1819.40000 	 653.20000 	 
167073.80000 	 1297.50000 	 730.00000 	 
167047.80000 	 1303.00000 	 704.00000 	 
167098.70000 	 1298.40000 	 704.20000 	 
167062.80000 	 1299.40000 	 704.60000 	 
167057.70000 	 1300.60000 	 704.00000 	 
167226.40000 	 1307.90000 	 664.60000 	 
167261.20000 	 1307.30000 	 664.60000 	 
167172.10000 	 1279.90000 	 671.90000 	 
167171.10000 	 1282.20000 	 671.90000 	 
167347.10000 	 1295.40000 	 664.00000 	 
167414.90000 	 1296.50000 	 663.30000 	 
167374.70000 	 1297.80000 	 662.70000 	 
167179.90000 	 1271.70000 	 680.10000 	 
167186.50000 	 1271.10000 	 680.10000 	 
167189.40000 	 1272.30000 	 674.90000 	 
167251.70000 	 1270.90000 	 665.60000 	 
166194.20000 	 1811.70000 	 667.00000 	 
166219.20000 	 1811.40000 	 667.00000 	 
166897.50000 	 1397.50000 	 700.90000 	 
166924.50000 	 1371.50000 	 669.60000 	 
166942.20000 	 1365.90000 	 669.60000 	 
166156.80000 	 1851.20000 	 663.10000 	 
166261.80000 	 1850.60000 	 663.10000 	 
166092.10000 	 1777.90000 	 691.00000 	 
166718.20000 	 1586.70000 	 667.30000 	 
166852.30000 	 1426.60000 	 701.40000 	 
166106.20000 	 1848.30000 	 666.40000 	 
166110.40000 	 1846.50000 	 666.40000 	 
166356.10000 	 1794.20000 	 667.60000 	 
166106.10000 	 1839.30000 	 672.90000 	 
166165.20000 	 1805.20000 	 667.80000 	 
166177.50000 	 1798.00000 	 667.80000 	 
166175.10000 	 1798.60000 	 667.80000 	 
166329.80000 	 1796.90000 	 668.20000 	 
166142.20000 	 1807.00000 	 667.40000 	 
166429.60000 	 1640.80000 	 672.90000 	 
166366.00000 	 1655.20000 	 672.90000 	 
166097.80000 	 1853.90000 	 667.10000 	 
166099.90000 	 1852.50000 	 667.10000 	 
166126.40000 	 1857.70000 	 665.70000 	 
166131.80000 	 1845.70000 	 665.70000 	 
166133.50000 	 1850.50000 	 664.20000 	 
166125.50000 	 1757.50000 	 686.20000 	 
166321.80000 	 1650.10000 	 684.90000 	 
166143.80000 	 1798.70000 	 684.00000 	 
166093.90000 	 1777.30000 	 692.00000 	 
166125.40000 	 1774.90000 	 694.00000 	 
166122.00000 	 1773.90000 	 697.00000 	 
166158.20000 	 1780.70000 	 682.90000 	 
166223.80000 	 1782.30000 	 682.70000 	 
166344.00000 	 1800.00000 	 667.70000 	 
166249.80000 	 1768.50000 	 669.60000 	 
166230.70000 	 1718.70000 	 687.90000 	 
166242.40000 	 1717.50000 	 687.90000 	 
166243.40000 	 1675.70000 	 692.10000 	 
166490.60000 	 1656.50000 	 672.00000 	 
166511.60000 	 1654.30000 	 671.70000 	 
166268.30000 	 1652.30000 	 698.10000 	 
166421.10000 	 1654.90000 	 678.10000 	 
166270.70000 	 1656.30000 	 690.90000 	 
166244.00000 	 1658.30000 	 673.40000 	 
166623.50000 	 1661.40000 	 664.90000 	 
166603.20000 	 1656.40000 	 669.40000 	 
166242.70000 	 1743.20000 	 679.70000 	 
