19156.40000 	 921.00000 	 32.70000 	 
18827.90000 	 852.00000 	 34.00000 	 
18913.90000 	 1022.00000 	 31.80000 	 
17873.60000 	 1023.00000 	 34.20000 	 
20143.10000 	 919.00000 	 33.30000 	 
20160.50000 	 919.00000 	 33.00000 	 
18675.20000 	 933.00000 	 32.20000 	 
18120.90000 	 941.00000 	 32.10000 	 
18981.50000 	 958.00000 	 32.00000 	 
18250.50000 	 911.00000 	 34.00000 	 
19248.30000 	 969.00000 	 31.90000 	 
20415.80000 	 830.00000 	 33.90000 	 
21368.00000 	 855.00000 	 33.60000 	 
18100.50000 	 1041.00000 	 31.80000 	 
14873.50000 	 267.00000 	 66.70000 	 
18216.60000 	 913.00000 	 34.00000 	 
18381.20000 	 927.00000 	 33.30000 	 
18117.80000 	 965.00000 	 33.00000 	 
15261.50000 	 141.00000 	 72.00000 	 
15612.10000 	 141.00000 	 67.00000 	 
14991.30000 	 223.00000 	 52.00000 	 
15272.20000 	 222.00000 	 52.00000 	 
15408.50000 	 195.00000 	 56.80000 	 
15074.60000 	 228.00000 	 51.70000 	 
15405.10000 	 200.00000 	 57.40000 	 
15500.10000 	 332.00000 	 49.80000 	 
15682.70000 	 280.00000 	 49.80000 	 
15871.50000 	 255.00000 	 50.10000 	 
15881.70000 	 245.00000 	 50.10000 	 
15676.50000 	 240.00000 	 50.40000 	 
15273.90000 	 221.00000 	 52.00000 	 
16230.30000 	 329.00000 	 42.70000 	 
16204.60000 	 293.00000 	 46.00000 	 
15787.50000 	 326.00000 	 43.20000 	 
16243.00000 	 326.00000 	 43.00000 	 
16333.10000 	 366.00000 	 39.70000 	 
16051.10000 	 311.00000 	 47.70000 	 
15991.10000 	 328.00000 	 43.00000 	 
16136.00000 	 367.00000 	 39.70000 	 
16217.60000 	 363.00000 	 40.00000 	 
15720.20000 	 390.00000 	 45.70000 	 
16618.60000 	 443.00000 	 35.70000 	 
15871.00000 	 367.00000 	 40.00000 	 
16200.40000 	 364.00000 	 40.00000 	 
16047.60000 	 357.00000 	 41.10000 	 
16034.80000 	 365.00000 	 40.20000 	 
16759.90000 	 435.00000 	 35.80000 	 
16878.40000 	 470.00000 	 35.40000 	 
16917.40000 	 468.00000 	 35.40000 	 
16958.80000 	 435.00000 	 35.70000 	 
16878.20000 	 429.00000 	 36.40000 	 
16394.80000 	 438.00000 	 35.80000 	 
16316.80000 	 431.00000 	 36.00000 	 
16627.30000 	 436.00000 	 35.70000 	 
16516.10000 	 561.00000 	 35.10000 	 
16159.00000 	 189.00000 	 57.40000 	 
15162.40000 	 173.00000 	 58.00000 	 
15769.30000 	 195.00000 	 56.10000 	 
15879.70000 	 199.00000 	 55.50000 	 
16005.50000 	 194.00000 	 55.50000 	 
15318.70000 	 218.00000 	 54.60000 	 
15424.30000 	 213.00000 	 54.60000 	 
15125.70000 	 224.00000 	 51.70000 	 
15035.20000 	 188.00000 	 57.70000 	 
15327.40000 	 171.00000 	 58.00000 	 
15205.90000 	 171.00000 	 61.20000 	 
14913.70000 	 143.00000 	 66.70000 	 
15149.20000 	 177.00000 	 66.10000 	 
14917.10000 	 142.00000 	 67.00000 	 
15037.00000 	 183.00000 	 64.00000 	 
11289.50000 	 420.00000 	 66.70000 	 
11291.90000 	 418.00000 	 67.00000 	 
11303.00000 	 420.00000 	 64.00000 	 
11331.00000 	 442.00000 	 60.40000 	 
11327.30000 	 446.00000 	 60.40000 	 
11324.00000 	 436.00000 	 61.00000 	 
11348.00000 	 446.00000 	 58.00000 	 
11360.30000 	 458.00000 	 57.40000 	 
11536.50000 	 457.00000 	 57.00000 	 
11356.10000 	 462.00000 	 57.40000 	 
11393.90000 	 478.00000 	 55.00000 	 
11391.90000 	 472.00000 	 56.10000 	 
11395.50000 	 476.00000 	 55.50000 	 
11327.00000 	 430.00000 	 61.00000 	 
11411.90000 	 461.00000 	 57.00000 	 
11319.50000 	 398.00000 	 67.00000 	 
11362.10000 	 378.00000 	 67.00000 	 
11339.90000 	 388.00000 	 67.00000 	 
11311.70000 	 402.00000 	 66.70000 	 
11332.10000 	 392.00000 	 66.70000 	 
11306.90000 	 418.00000 	 64.00000 	 
11327.30000 	 408.00000 	 64.00000 	 
11345.70000 	 400.00000 	 64.00000 	 
11420.00000 	 394.00000 	 63.40000 	 
11336.90000 	 406.00000 	 64.00000 	 
11322.20000 	 412.00000 	 64.00000 	 
11323.40000 	 410.00000 	 64.00000 	 
11363.30000 	 412.00000 	 61.00000 	 
11330.90000 	 428.00000 	 61.00000 	 
11502.20000 	 392.00000 	 60.70000 	 
11479.40000 	 392.00000 	 61.00000 	 
11351.30000 	 418.00000 	 61.00000 	 
11372.30000 	 410.00000 	 61.00000 	 
11363.90000 	 438.00000 	 58.00000 	 
11403.20000 	 418.00000 	 58.00000 	 
11383.40000 	 428.00000 	 58.00000 	 
11392.70000 	 426.00000 	 58.00000 	 
11380.10000 	 430.00000 	 58.00000 	 
11379.00000 	 432.00000 	 58.00000 	 
11368.40000 	 436.00000 	 58.00000 	 
11399.30000 	 420.00000 	 58.00000 	 
11358.30000 	 380.00000 	 67.00000 	 
11360.60000 	 380.00000 	 66.70000 	 
11365.40000 	 378.00000 	 66.70000 	 
11349.50000 	 398.00000 	 64.00000 	 
11396.70000 	 400.00000 	 61.00000 	 
11372.90000 	 408.00000 	 61.00000 	 
11423.60000 	 410.00000 	 58.00000 	 
11464.40000 	 378.00000 	 63.70000 	 
11418.30000 	 398.00000 	 61.00000 	 
11429.00000 	 408.00000 	 58.00000 	 
11422.40000 	 412.00000 	 58.00000 	 
11369.30000 	 376.00000 	 67.00000 	 
11404.10000 	 370.00000 	 66.70000 	 
11414.60000 	 370.00000 	 66.10000 	 
11412.60000 	 380.00000 	 63.70000 	 
11438.00000 	 378.00000 	 64.00000 	 
11544.70000 	 338.00000 	 67.00000 	 
11507.50000 	 346.00000 	 67.00000 	 
11535.70000 	 340.00000 	 67.00000 	 
11550.70000 	 348.00000 	 64.00000 	 
11603.50000 	 328.00000 	 67.00000 	 
11599.30000 	 330.00000 	 67.00000 	 
11616.70000 	 326.00000 	 67.00000 	 
11629.30000 	 346.00000 	 64.00000 	 
11683.30000 	 316.00000 	 67.00000 	 
11679.70000 	 318.00000 	 67.00000 	 
11726.50000 	 320.00000 	 64.00000 	 
11756.50000 	 306.00000 	 67.00000 	 
11856.10000 	 296.00000 	 67.00000 	 
11992.90000 	 286.00000 	 67.00000 	 
12285.70000 	 266.00000 	 67.00000 	 
12139.60000 	 276.00000 	 67.00000 	 
12601.90000 	 246.00000 	 67.00000 	 
12448.90000 	 256.00000 	 67.00000 	 
13176.70000 	 211.00000 	 67.00000 	 
13167.10000 	 212.00000 	 67.00000 	 
13165.10000 	 216.00000 	 67.00000 	 
13356.70000 	 201.00000 	 67.00000 	 
13456.90000 	 196.00000 	 67.00000 	 
13637.50000 	 186.00000 	 67.00000 	 
13831.90000 	 176.00000 	 67.00000 	 
13819.30000 	 177.00000 	 67.00000 	 
11409.60000 	 468.00000 	 57.00000 	 
11308.40000 	 426.00000 	 63.40000 	 
11338.10000 	 438.00000 	 60.40000 	 
11303.90000 	 408.00000 	 66.70000 	 
11311.40000 	 402.00000 	 67.00000 	 
11308.70000 	 404.00000 	 66.70000 	 
11350.20000 	 384.00000 	 67.00000 	 
13842.60000 	 305.00000 	 64.00000 	 
11350.50000 	 384.00000 	 66.70000 	 
11331.80000 	 392.00000 	 67.00000 	 
11456.60000 	 364.00000 	 66.70000 	 
11356.20000 	 392.00000 	 66.10000 	 
11354.30000 	 382.00000 	 66.70000 	 
11449.70000 	 358.00000 	 67.00000 	 
11412.50000 	 366.00000 	 67.00000 	 
11461.30000 	 356.00000 	 67.00000 	 
11327.30000 	 396.00000 	 66.70000 	 
11318.90000 	 400.00000 	 66.70000 	 
11354.00000 	 382.00000 	 67.00000 	 
11370.50000 	 396.00000 	 64.00000 	 
11406.50000 	 368.00000 	 67.00000 	 
11497.90000 	 348.00000 	 67.00000 	 
11441.30000 	 362.00000 	 67.00000 	 
11560.30000 	 336.00000 	 67.00000 	 
11300.70000 	 424.00000 	 66.10000 	 
11347.30000 	 426.00000 	 61.00000 	 
11295.20000 	 418.00000 	 66.70000 	 
11322.80000 	 398.00000 	 66.70000 	 
11306.90000 	 406.00000 	 66.70000 	 
11358.30000 	 412.00000 	 63.70000 	 
11329.10000 	 394.00000 	 66.70000 	 
11401.70000 	 370.00000 	 67.00000 	 
11445.40000 	 360.00000 	 67.00000 	 
11325.20000 	 422.00000 	 63.40000 	 
11294.90000 	 426.00000 	 66.10000 	 
11316.20000 	 400.00000 	 67.00000 	 
11347.50000 	 386.00000 	 66.70000 	 
11395.40000 	 372.00000 	 67.00000 	 
11402.00000 	 376.00000 	 66.70000 	 
11336.60000 	 390.00000 	 67.00000 	 
11343.20000 	 388.00000 	 66.70000 	 
11344.50000 	 396.00000 	 66.40000 	 
11326.70000 	 396.00000 	 67.00000 	 
11349.80000 	 392.00000 	 66.40000 	 
11546.30000 	 375.00000 	 64.00000 	 
11303.60000 	 410.00000 	 66.70000 	 
11335.80000 	 402.00000 	 66.40000 	 
11344.10000 	 398.00000 	 66.40000 	 
11347.10000 	 386.00000 	 67.00000 	 
11342.70000 	 390.00000 	 66.70000 	 
11472.80000 	 362.00000 	 66.70000 	 
11299.10000 	 416.00000 	 67.00000 	 
