200477.70000 	 245.10000 	 913.00000 	 
598.90000 	 588.70000 	 513.80000 	 399.70000 	 217.10000 	 144.60000 	 25.00000 	 -0.00000 	 306.50000 	 668.00000 	 58.00000 	 0.50000 	 -2.90000 	 11.00000 	 -187.00000 	 59.00000 	 4.20000 	 180.00000 	 -4.00000 	 913.00000 	 130.00000 	 -39.00000 	 -67.00000 	 -88.00000 	 
 
186834.10000 	 527.30000 	 657.50000 	 
581.00000 	 605.00000 	 599.70000 	 393.60000 	 217.00000 	 140.80000 	 25.60000 	 -29.30000 	 316.60000 	 657.50000 	 59.30000 	 5.00000 	 17.50000 	 27.00000 	 -185.70000 	 60.30000 	 -87.70000 	 178.60000 	 -2.70000 	 657.50000 	 130.00000 	 -31.30000 	 -67.00000 	 -88.00000 	 
 
186486.70000 	 502.70000 	 663.60000 	 
622.20000 	 591.70000 	 567.30000 	 386.40000 	 235.20000 	 144.20000 	 25.00000 	 -30.00000 	 336.60000 	 663.60000 	 58.60000 	 1.90000 	 -14.00000 	 26.30000 	 -186.40000 	 59.30000 	 -88.70000 	 177.30000 	 -3.70000 	 663.60000 	 130.00000 	 -31.30000 	 -67.00000 	 -88.00000 	 
 
187249.40000 	 496.90000 	 665.00000 	 
627.30000 	 586.60000 	 553.90000 	 386.40000 	 222.40000 	 143.00000 	 25.00000 	 -30.00000 	 341.00000 	 665.00000 	 58.00000 	 -8.60000 	 8.10000 	 27.50000 	 -182.10000 	 60.70000 	 -86.00000 	 177.00000 	 -4.00000 	 665.00000 	 130.00000 	 -31.30000 	 -67.00000 	 -88.00000 	 
 
187624.60000 	 496.50000 	 665.10000 	 
627.30000 	 586.60000 	 547.20000 	 390.40000 	 220.90000 	 136.60000 	 25.00000 	 -30.00000 	 330.30000 	 665.00000 	 83.20000 	 -8.60000 	 -10.20000 	 31.40000 	 -173.50000 	 61.60000 	 -86.00000 	 177.00000 	 -3.30000 	 665.10000 	 130.00000 	 -31.30000 	 -67.00000 	 -88.00000 	 
 
188003.00000 	 496.70000 	 665.00000 	 
587.30000 	 605.00000 	 523.40000 	 415.30000 	 227.10000 	 151.00000 	 36.00000 	 -27.60000 	 310.70000 	 665.00000 	 91.60000 	 -13.70000 	 -41.00000 	 30.90000 	 -152.50000 	 84.30000 	 -87.80000 	 177.00000 	 -3.30000 	 665.00000 	 130.00000 	 -39.00000 	 -67.00000 	 -88.00000 	 
 
194332.40000 	 862.10000 	 608.60000 	 
598.00000 	 588.00000 	 588.20000 	 492.90000 	 228.80000 	 140.00000 	 25.00000 	 -30.00000 	 318.40000 	 575.70000 	 104.20000 	 -8.60000 	 -22.70000 	 49.10000 	 -187.00000 	 100.40000 	 -89.00000 	 196.20000 	 -4.00000 	 608.60000 	 175.50000 	 -39.00000 	 -67.00000 	 -88.00000 	 
 
188824.70000 	 490.50000 	 667.80000 	 
581.00000 	 605.00000 	 524.80000 	 401.10000 	 215.90000 	 146.40000 	 25.00000 	 -28.50000 	 330.90000 	 667.80000 	 58.00000 	 4.00000 	 -32.60000 	 11.00000 	 -187.00000 	 77.30000 	 -7.80000 	 177.00000 	 11.60000 	 667.80000 	 130.00000 	 -39.00000 	 -67.00000 	 -88.00000 	 
 
187752.10000 	 495.40000 	 666.20000 	 
595.70000 	 619.00000 	 537.80000 	 397.40000 	 215.70000 	 135.00000 	 27.40000 	 -30.00000 	 330.90000 	 664.70000 	 79.00000 	 -8.60000 	 -16.70000 	 25.70000 	 -187.00000 	 59.00000 	 -40.00000 	 177.00000 	 -4.00000 	 666.20000 	 130.00000 	 -39.00000 	 -67.00000 	 -88.00000 	 
 
187893.40000 	 499.10000 	 664.70000 	 
595.70000 	 619.00000 	 537.80000 	 397.40000 	 215.70000 	 135.00000 	 27.40000 	 -29.80000 	 331.10000 	 664.70000 	 79.20000 	 -8.40000 	 -16.50000 	 25.90000 	 -186.80000 	 59.20000 	 -39.80000 	 177.20000 	 -3.80000 	 664.70000 	 130.00000 	 -39.00000 	 -67.00000 	 -88.00000 	 
 
188219.80000 	 663.40000 	 624.00000 	 
581.60000 	 606.20000 	 514.20000 	 451.00000 	 221.10000 	 141.50000 	 28.70000 	 5.30000 	 343.40000 	 624.00000 	 77.40000 	 19.90000 	 -27.20000 	 31.10000 	 -181.60000 	 82.50000 	 -83.60000 	 183.10000 	 1.40000 	 624.00000 	 130.40000 	 -39.00000 	 -67.00000 	 -88.00000 	 
 
186779.20000 	 503.80000 	 663.50000 	 
581.60000 	 633.90000 	 517.00000 	 416.70000 	 218.10000 	 138.40000 	 25.00000 	 -9.30000 	 348.20000 	 663.50000 	 58.00000 	 14.50000 	 -14.30000 	 25.70000 	 -187.00000 	 59.00000 	 -88.40000 	 177.00000 	 3.70000 	 663.50000 	 130.00000 	 -39.00000 	 -67.00000 	 -88.00000 	 
 
188783.20000 	 500.30000 	 664.10000 	 
586.70000 	 600.60000 	 527.70000 	 389.50000 	 229.30000 	 144.00000 	 32.50000 	 -19.30000 	 312.40000 	 664.10000 	 82.80000 	 14.50000 	 -25.10000 	 48.10000 	 -187.00000 	 62.60000 	 -89.00000 	 201.50000 	 3.70000 	 664.10000 	 130.00000 	 -39.00000 	 -67.00000 	 -88.00000 	 
 
188321.80000 	 489.90000 	 668.20000 	 
592.10000 	 610.60000 	 515.40000 	 390.90000 	 218.40000 	 138.40000 	 26.20000 	 7.20000 	 303.00000 	 668.00000 	 58.60000 	 5.80000 	 -26.30000 	 11.00000 	 -187.00000 	 71.30000 	 -0.00000 	 177.30000 	 0.20000 	 668.20000 	 130.00000 	 -39.00000 	 -67.00000 	 -88.00000 	 
 
188323.30000 	 494.90000 	 665.60000 	 
581.00000 	 605.00000 	 553.10000 	 385.70000 	 215.00000 	 137.80000 	 25.00000 	 -30.00000 	 318.30000 	 665.60000 	 79.00000 	 -17.00000 	 1.30000 	 19.40000 	 -187.00000 	 59.00000 	 -16.60000 	 177.00000 	 7.10000 	 665.60000 	 130.00000 	 -39.00000 	 -67.00000 	 -88.00000 	 
 
187569.10000 	 509.30000 	 662.50000 	 
597.60000 	 606.40000 	 552.70000 	 385.70000 	 215.30000 	 138.10000 	 25.30000 	 13.70000 	 304.70000 	 662.50000 	 62.80000 	 11.60000 	 -40.40000 	 26.30000 	 -175.30000 	 77.00000 	 -88.40000 	 180.60000 	 9.50000 	 661.20000 	 140.50000 	 -32.70000 	 -67.00000 	 -88.00000 	 
 
187613.40000 	 505.30000 	 663.20000 	 
597.60000 	 606.40000 	 552.70000 	 385.70000 	 215.00000 	 137.80000 	 25.00000 	 13.60000 	 304.60000 	 662.50000 	 62.70000 	 11.50000 	 -40.50000 	 26.20000 	 -175.40000 	 76.90000 	 -88.50000 	 180.50000 	 9.40000 	 663.20000 	 140.50000 	 -32.70000 	 -67.00000 	 -88.00000 	 
 
187668.40000 	 505.30000 	 663.10000 	 
618.60000 	 581.20000 	 547.70000 	 385.70000 	 215.00000 	 153.90000 	 25.00000 	 1.00000 	 303.20000 	 663.10000 	 75.30000 	 12.90000 	 -40.50000 	 26.20000 	 -175.40000 	 76.90000 	 -88.50000 	 180.50000 	 2.50000 	 662.60000 	 140.50000 	 -32.70000 	 -67.00000 	 -88.00000 	 
 
188175.50000 	 505.00000 	 663.10000 	 
620.10000 	 577.30000 	 547.70000 	 385.70000 	 215.00000 	 149.40000 	 25.00000 	 0.80000 	 303.00000 	 663.10000 	 74.80000 	 12.40000 	 -34.10000 	 25.70000 	 -175.90000 	 81.20000 	 -89.00000 	 180.30000 	 2.00000 	 663.10000 	 140.50000 	 -32.70000 	 -67.00000 	 -88.00000 	 
 
187756.60000 	 500.90000 	 664.10000 	 
620.10000 	 579.70000 	 547.70000 	 385.70000 	 215.00000 	 153.90000 	 25.00000 	 13.40000 	 303.00000 	 663.80000 	 62.50000 	 12.70000 	 -40.70000 	 26.00000 	 -175.60000 	 76.70000 	 -88.70000 	 180.30000 	 2.30000 	 664.10000 	 140.50000 	 -32.70000 	 -67.00000 	 -88.00000 	 
 
187788.70000 	 518.90000 	 660.00000 	 
582.00000 	 604.00000 	 565.10000 	 387.20000 	 215.30000 	 142.00000 	 25.30000 	 2.20000 	 305.20000 	 659.40000 	 72.40000 	 11.80000 	 -40.20000 	 12.10000 	 -171.50000 	 88.40000 	 -81.20000 	 180.80000 	 7.60000 	 660.00000 	 140.50000 	 -32.70000 	 -67.00000 	 -88.00000 	 
 
187806.80000 	 503.90000 	 663.30000 	 
592.40000 	 605.00000 	 581.40000 	 385.70000 	 215.00000 	 142.30000 	 25.00000 	 -30.00000 	 315.60000 	 663.10000 	 92.90000 	 15.30000 	 -40.70000 	 44.90000 	 -186.30000 	 59.30000 	 -88.70000 	 177.30000 	 3.20000 	 663.30000 	 130.00000 	 -31.30000 	 -67.00000 	 -88.00000 	 
 
187982.10000 	 495.20000 	 665.60000 	 
616.20000 	 575.80000 	 569.40000 	 386.30000 	 226.90000 	 140.30000 	 25.60000 	 -27.30000 	 305.10000 	 665.60000 	 103.50000 	 17.70000 	 -38.30000 	 46.90000 	 -184.90000 	 59.00000 	 -89.00000 	 177.00000 	 2.90000 	 665.30000 	 130.00000 	 -39.00000 	 -67.00000 	 -88.00000 	 
 
188002.70000 	 494.80000 	 665.70000 	 
616.20000 	 575.80000 	 569.40000 	 386.30000 	 226.90000 	 140.30000 	 25.60000 	 -27.30000 	 305.10000 	 665.60000 	 103.50000 	 17.70000 	 -38.30000 	 46.90000 	 -184.90000 	 59.00000 	 -89.00000 	 177.00000 	 2.90000 	 665.70000 	 130.00000 	 -39.00000 	 -67.00000 	 -88.00000 	 
 
187117.40000 	 521.90000 	 658.80000 	 
581.00000 	 605.00000 	 607.00000 	 393.50000 	 215.60000 	 142.90000 	 25.60000 	 -30.00000 	 316.60000 	 658.80000 	 80.30000 	 7.40000 	 -32.00000 	 45.30000 	 -186.00000 	 59.90000 	 -88.10000 	 178.20000 	 -3.40000 	 658.80000 	 130.00000 	 -31.30000 	 -67.00000 	 -88.00000 	 
 
189199.70000 	 575.10000 	 646.10000 	 
582.60000 	 605.20000 	 514.20000 	 416.60000 	 217.20000 	 143.80000 	 27.20000 	 20.10000 	 304.90000 	 646.10000 	 62.00000 	 12.20000 	 -39.10000 	 18.00000 	 -178.30000 	 89.40000 	 -73.90000 	 184.10000 	 24.30000 	 646.10000 	 144.40000 	 -30.40000 	 -67.00000 	 -88.00000 	 
 
187563.90000 	 494.90000 	 667.40000 	 
611.40000 	 627.50000 	 517.70000 	 391.90000 	 218.50000 	 146.90000 	 25.00000 	 13.40000 	 303.00000 	 667.40000 	 60.10000 	 10.10000 	 -41.00000 	 31.00000 	 -183.70000 	 74.00000 	 -89.00000 	 177.00000 	 11.60000 	 663.80000 	 130.00000 	 -31.30000 	 -67.00000 	 -88.00000 	 
 
188037.10000 	 500.10000 	 664.50000 	 
626.70000 	 594.70000 	 541.00000 	 385.00000 	 219.20000 	 150.30000 	 28.30000 	 8.40000 	 306.50000 	 664.20000 	 79.00000 	 -17.10000 	 -32.20000 	 26.30000 	 -183.70000 	 95.50000 	 -86.60000 	 177.00000 	 -4.00000 	 664.50000 	 130.70000 	 -39.00000 	 -67.00000 	 -88.00000 	 
 
187774.30000 	 498.10000 	 664.80000 	 
626.70000 	 594.70000 	 514.40000 	 385.00000 	 218.50000 	 150.30000 	 28.30000 	 39.20000 	 303.60000 	 664.80000 	 79.00000 	 4.10000 	 -41.00000 	 26.50000 	 -183.70000 	 74.00000 	 -86.60000 	 184.70000 	 -4.00000 	 664.50000 	 130.70000 	 -39.00000 	 -67.00000 	 -88.00000 	 
 
187271.40000 	 490.10000 	 668.00000 	 
581.00000 	 605.00000 	 540.30000 	 423.30000 	 217.40000 	 146.40000 	 25.00000 	 0.80000 	 315.60000 	 668.00000 	 58.00000 	 4.00000 	 -32.60000 	 26.60000 	 -159.00000 	 77.30000 	 -89.00000 	 177.00000 	 -4.00000 	 668.00000 	 130.00000 	 -39.00000 	 -67.00000 	 -88.00000 	 
 
186460.60000 	 495.50000 	 665.30000 	 
611.70000 	 580.00000 	 538.00000 	 409.00000 	 236.80000 	 144.70000 	 38.70000 	 -5.60000 	 310.20000 	 665.30000 	 70.50000 	 12.10000 	 -37.40000 	 28.20000 	 -168.10000 	 60.30000 	 -89.00000 	 177.00000 	 -4.00000 	 665.30000 	 130.00000 	 -39.00000 	 -67.00000 	 -88.00000 	 
 
188413.60000 	 491.30000 	 667.40000 	 
581.00000 	 605.00000 	 539.00000 	 385.70000 	 215.00000 	 146.40000 	 25.00000 	 9.30000 	 303.00000 	 667.40000 	 79.00000 	 -17.00000 	 -41.00000 	 37.70000 	 -187.00000 	 59.00000 	 -0.00000 	 177.00000 	 -4.00000 	 667.40000 	 130.00000 	 -39.00000 	 -67.00000 	 -88.00000 	 
 
166153.00000 	 1851.70000 	 649.50000 	 
470.60000 	 573.30000 	 519.50000 	 566.70000 	 563.10000 	 136.70000 	 24.40000 	 2.70000 	 366.70000 	 649.20000 	 3.00000 	 0.10000 	 -0.90000 	 -0.40000 	 -159.60000 	 -0.00000 	 -90.90000 	 -0.10000 	 -0.00000 	 649.50000 	 14.10000 	 -66.90000 	 -114.00000 	 -89.90000 	 
 
166246.40000 	 1851.10000 	 651.80000 	 
471.30000 	 573.80000 	 513.50000 	 566.70000 	 563.10000 	 141.50000 	 24.40000 	 2.70000 	 366.70000 	 648.60000 	 5.30000 	 0.10000 	 -1.80000 	 -0.50000 	 -166.00000 	 -0.00000 	 -84.70000 	 -1.40000 	 0.30000 	 651.80000 	 13.20000 	 -66.00000 	 -114.30000 	 -90.20000 	 
 
166702.80000 	 1838.70000 	 646.70000 	 
472.00000 	 572.00000 	 514.00000 	 567.30000 	 563.10000 	 141.50000 	 24.40000 	 2.70000 	 366.70000 	 646.70000 	 11.00000 	 -0.00000 	 0.30000 	 0.50000 	 -162.60000 	 0.20000 	 -82.40000 	 2.10000 	 -4.20000 	 646.40000 	 14.70000 	 -68.50000 	 -111.30000 	 -90.70000 	 
 
167105.20000 	 1832.20000 	 645.30000 	 
472.00000 	 572.00000 	 512.80000 	 567.30000 	 563.10000 	 141.50000 	 24.40000 	 2.70000 	 367.90000 	 645.30000 	 8.20000 	 0.70000 	 0.20000 	 1.20000 	 -163.30000 	 0.90000 	 -83.00000 	 4.00000 	 1.50000 	 643.50000 	 18.90000 	 -71.10000 	 -109.90000 	 -88.60000 	 
 
166736.00000 	 1834.50000 	 646.70000 	 
472.00000 	 572.00000 	 514.00000 	 567.30000 	 563.10000 	 141.50000 	 24.40000 	 2.70000 	 366.70000 	 646.70000 	 11.00000 	 -0.00000 	 -1.80000 	 1.90000 	 -162.60000 	 0.20000 	 -83.80000 	 3.50000 	 -3.50000 	 646.40000 	 14.70000 	 -68.50000 	 -111.30000 	 -90.70000 	 
 
166357.10000 	 1669.80000 	 657.40000 	 
486.40000 	 583.50000 	 511.80000 	 549.60000 	 553.20000 	 135.60000 	 24.40000 	 0.10000 	 357.60000 	 656.80000 	 17.50000 	 0.10000 	 0.50000 	 0.40000 	 -174.90000 	 0.40000 	 -93.40000 	 0.80000 	 0.10000 	 657.40000 	 19.80000 	 -69.10000 	 -111.40000 	 -90.00000 	 
 
167152.30000 	 1696.30000 	 656.30000 	 
486.70000 	 586.50000 	 508.50000 	 556.80000 	 554.40000 	 135.60000 	 24.40000 	 1.30000 	 345.70000 	 655.00000 	 20.30000 	 0.80000 	 -0.00000 	 -0.20000 	 -174.80000 	 0.20000 	 -88.00000 	 6.40000 	 5.30000 	 656.30000 	 16.00000 	 -61.60000 	 -114.70000 	 -90.20000 	 
 
167152.80000 	 1685.20000 	 636.10000 	 
482.50000 	 589.10000 	 516.60000 	 549.60000 	 544.10000 	 135.70000 	 24.40000 	 2.70000 	 356.40000 	 632.60000 	 29.90000 	 0.40000 	 -2.30000 	 0.20000 	 -165.30000 	 -0.10000 	 -86.20000 	 -4.70000 	 -0.40000 	 636.10000 	 52.80000 	 -65.20000 	 -111.90000 	 -91.60000 	 
 
168419.40000 	 1662.10000 	 634.70000 	 
482.50000 	 589.10000 	 513.00000 	 549.60000 	 544.10000 	 135.70000 	 24.40000 	 2.70000 	 356.40000 	 633.30000 	 29.70000 	 1.80000 	 -4.10000 	 0.20000 	 -164.70000 	 8.90000 	 -88.90000 	 8.80000 	 1.90000 	 634.70000 	 51.90000 	 -64.50000 	 -114.70000 	 -89.50000 	 
 
167735.00000 	 1668.80000 	 634.70000 	 
482.50000 	 589.10000 	 513.00000 	 549.60000 	 544.10000 	 135.70000 	 24.40000 	 2.70000 	 356.40000 	 632.60000 	 29.90000 	 0.40000 	 -2.90000 	 0.20000 	 -164.70000 	 0.10000 	 -86.10000 	 8.80000 	 -1.00000 	 634.70000 	 52.80000 	 -64.50000 	 -114.70000 	 -89.50000 	 
 
167715.20000 	 1671.90000 	 634.70000 	 
482.50000 	 589.10000 	 513.00000 	 549.60000 	 544.10000 	 135.70000 	 24.40000 	 2.70000 	 356.40000 	 632.60000 	 29.90000 	 0.40000 	 -2.90000 	 0.20000 	 -164.70000 	 -0.70000 	 -84.70000 	 8.80000 	 -1.00000 	 634.70000 	 51.90000 	 -64.50000 	 -114.70000 	 -89.50000 	 
 
167389.10000 	 1681.50000 	 634.70000 	 
482.50000 	 589.10000 	 515.40000 	 549.60000 	 544.10000 	 135.70000 	 24.40000 	 2.70000 	 356.40000 	 632.60000 	 31.10000 	 0.40000 	 -2.30000 	 0.20000 	 -165.30000 	 -0.70000 	 -84.70000 	 8.80000 	 -1.00000 	 634.70000 	 43.50000 	 -64.50000 	 -114.70000 	 -89.50000 	 
 
167276.40000 	 1683.90000 	 634.70000 	 
482.50000 	 589.10000 	 516.60000 	 549.60000 	 544.10000 	 135.70000 	 24.40000 	 2.70000 	 356.40000 	 632.60000 	 28.70000 	 0.40000 	 -2.30000 	 0.20000 	 -165.30000 	 -1.30000 	 -86.20000 	 9.70000 	 -0.40000 	 634.70000 	 43.50000 	 -65.20000 	 -111.90000 	 -91.60000 	 
 
168353.20000 	 1351.30000 	 640.20000 	 
560.00000 	 604.30000 	 514.20000 	 497.00000 	 499.80000 	 135.70000 	 25.00000 	 -4.20000 	 337.30000 	 640.20000 	 49.00000 	 -3.30000 	 2.70000 	 -0.50000 	 -172.30000 	 6.40000 	 -91.10000 	 8.00000 	 -0.00000 	 637.10000 	 57.50000 	 -64.50000 	 -114.70000 	 -89.50000 	 
 
167075.70000 	 1302.10000 	 702.50000 	 
571.60000 	 603.40000 	 513.00000 	 507.10000 	 482.00000 	 137.80000 	 25.00000 	 0.30000 	 323.30000 	 667.40000 	 35.50000 	 -0.90000 	 -18.70000 	 -0.80000 	 -172.30000 	 0.30000 	 -96.00000 	 0.30000 	 -0.60000 	 702.50000 	 7.70000 	 -67.80000 	 -113.70000 	 -89.30000 	 
 
167136.10000 	 1307.20000 	 688.30000 	 
571.90000 	 603.70000 	 515.10000 	 507.60000 	 480.30000 	 137.20000 	 25.00000 	 0.30000 	 324.00000 	 667.40000 	 35.20000 	 -0.20000 	 -16.70000 	 -0.00000 	 -171.40000 	 0.30000 	 -95.70000 	 8.80000 	 -0.00000 	 688.30000 	 7.10000 	 -68.10000 	 -113.40000 	 -89.30000 	 
 
167030.40000 	 1321.70000 	 662.30000 	 
570.00000 	 604.40000 	 513.00000 	 505.50000 	 487.20000 	 136.90000 	 25.00000 	 -0.00000 	 325.40000 	 662.30000 	 47.10000 	 -0.00000 	 -13.10000 	 1.30000 	 -172.30000 	 -0.10000 	 -92.20000 	 -1.30000 	 -0.20000 	 662.20000 	 26.60000 	 -68.50000 	 -112.30000 	 -90.00000 	 
 
167021.90000 	 1323.80000 	 661.80000 	 
569.20000 	 604.30000 	 514.20000 	 508.60000 	 485.00000 	 135.70000 	 25.00000 	 -0.00000 	 326.80000 	 661.00000 	 49.60000 	 0.10000 	 -15.20000 	 0.40000 	 -172.30000 	 0.10000 	 -93.30000 	 0.30000 	 -0.20000 	 661.80000 	 26.90000 	 -67.50000 	 -114.00000 	 -89.30000 	 
 
167110.90000 	 1311.20000 	 661.00000 	 
569.20000 	 604.30000 	 514.20000 	 504.60000 	 489.60000 	 135.70000 	 24.40000 	 -0.00000 	 326.80000 	 661.00000 	 49.00000 	 1.30000 	 -22.70000 	 0.10000 	 -172.30000 	 0.10000 	 -93.30000 	 0.10000 	 -0.20000 	 653.60000 	 42.50000 	 -67.20000 	 -114.30000 	 -89.30000 	 
 
167111.20000 	 1310.00000 	 661.00000 	 
569.20000 	 604.30000 	 514.20000 	 504.60000 	 489.60000 	 135.70000 	 24.40000 	 -0.00000 	 326.80000 	 661.00000 	 49.60000 	 0.10000 	 -22.70000 	 0.70000 	 -172.30000 	 0.10000 	 -93.30000 	 0.10000 	 -0.20000 	 653.60000 	 42.50000 	 -67.50000 	 -114.00000 	 -89.30000 	 
 
167055.50000 	 1323.80000 	 661.00000 	 
569.20000 	 604.30000 	 514.20000 	 508.60000 	 485.00000 	 135.70000 	 25.00000 	 -0.00000 	 326.80000 	 661.00000 	 49.60000 	 1.00000 	 -17.60000 	 0.40000 	 -172.30000 	 0.10000 	 -91.80000 	 0.30000 	 -0.20000 	 660.00000 	 28.70000 	 -67.50000 	 -114.00000 	 -89.30000 	 
 
168203.40000 	 1325.10000 	 648.00000 	 
569.50000 	 604.30000 	 514.50000 	 506.40000 	 485.10000 	 136.50000 	 25.60000 	 -1.80000 	 329.50000 	 648.00000 	 51.00000 	 -0.10000 	 -9.50000 	 4.40000 	 -172.30000 	 0.80000 	 -92.30000 	 9.90000 	 1.30000 	 647.50000 	 46.00000 	 -68.50000 	 -110.70000 	 -90.60000 	 
 
167377.90000 	 1346.10000 	 645.00000 	 
570.70000 	 603.70000 	 515.10000 	 508.80000 	 480.30000 	 138.40000 	 25.00000 	 -0.00000 	 327.50000 	 644.80000 	 49.50000 	 1.70000 	 -6.00000 	 -0.00000 	 -172.00000 	 -0.00000 	 -91.10000 	 0.30000 	 -0.30000 	 645.00000 	 49.80000 	 -64.50000 	 -114.70000 	 -89.50000 	 
 
167222.00000 	 1273.50000 	 671.90000 	 
581.10000 	 604.30000 	 514.50000 	 492.00000 	 487.60000 	 136.30000 	 25.00000 	 0.80000 	 319.80000 	 667.70000 	 45.20000 	 0.10000 	 -20.90000 	 -0.10000 	 -172.30000 	 0.80000 	 -95.10000 	 0.50000 	 0.10000 	 671.90000 	 28.40000 	 -67.80000 	 -114.40000 	 -88.60000 	 
 
167262.50000 	 1268.30000 	 671.90000 	 
581.10000 	 604.30000 	 514.50000 	 492.00000 	 487.60000 	 136.30000 	 25.00000 	 -0.60000 	 319.80000 	 667.70000 	 46.40000 	 0.10000 	 -20.90000 	 0.10000 	 -172.30000 	 1.40000 	 -95.10000 	 0.50000 	 -1.10000 	 671.90000 	 29.00000 	 -67.80000 	 -114.40000 	 -88.60000 	 
 
168155.60000 	 1272.60000 	 649.60000 	 
581.10000 	 604.30000 	 514.50000 	 500.10000 	 478.00000 	 137.10000 	 25.00000 	 -0.40000 	 325.40000 	 649.60000 	 51.70000 	 0.70000 	 -17.60000 	 0.60000 	 -172.30000 	 4.40000 	 -90.40000 	 1.60000 	 -0.60000 	 649.50000 	 60.20000 	 -71.50000 	 -110.10000 	 -90.90000 	 
 
167457.00000 	 1201.50000 	 731.10000 	 
581.00000 	 605.00000 	 513.90000 	 497.10000 	 481.00000 	 137.50000 	 25.00000 	 0.50000 	 317.00000 	 667.40000 	 44.30000 	 -0.10000 	 -22.70000 	 -0.20000 	 -172.30000 	 -0.00000 	 -97.80000 	 0.10000 	 -2.60000 	 731.10000 	 7.70000 	 -92.70000 	 -114.00000 	 -89.30000 	 
 
167483.30000 	 1201.70000 	 730.90000 	 
581.00000 	 605.00000 	 513.90000 	 497.10000 	 481.00000 	 137.50000 	 25.00000 	 0.60000 	 317.00000 	 667.40000 	 44.30000 	 -0.10000 	 -22.70000 	 0.20000 	 -172.30000 	 -0.90000 	 -97.80000 	 -0.00000 	 -2.60000 	 730.90000 	 8.40000 	 -92.70000 	 -114.00000 	 -89.30000 	 
 
167474.70000 	 1201.10000 	 731.30000 	 
581.00000 	 605.00000 	 513.90000 	 497.10000 	 481.00000 	 137.50000 	 25.00000 	 0.30000 	 317.00000 	 667.40000 	 44.00000 	 -0.10000 	 -22.70000 	 0.70000 	 -173.60000 	 -0.30000 	 -97.80000 	 1.10000 	 -2.60000 	 731.30000 	 7.70000 	 -92.70000 	 -114.00000 	 -89.30000 	 
 
167455.00000 	 1202.70000 	 730.90000 	 
581.00000 	 605.00000 	 513.90000 	 497.10000 	 481.00000 	 137.50000 	 25.00000 	 0.30000 	 317.00000 	 667.40000 	 44.30000 	 -0.10000 	 -22.70000 	 -0.20000 	 -173.00000 	 -0.40000 	 -97.00000 	 0.10000 	 -2.60000 	 730.90000 	 8.40000 	 -92.70000 	 -114.00000 	 -89.30000 	 
 
167535.60000 	 1216.90000 	 668.00000 	 
581.00000 	 605.00000 	 513.60000 	 501.30000 	 477.10000 	 137.50000 	 25.00000 	 0.10000 	 319.80000 	 668.00000 	 49.00000 	 -0.00000 	 -21.20000 	 -0.70000 	 -172.30000 	 1.30000 	 -90.20000 	 0.50000 	 -0.50000 	 668.00000 	 50.60000 	 -93.40000 	 -112.60000 	 -90.00000 	 
 
167543.80000 	 1214.30000 	 673.00000 	 
581.70000 	 604.30000 	 515.10000 	 501.00000 	 477.10000 	 136.30000 	 25.00000 	 0.10000 	 319.80000 	 668.00000 	 49.00000 	 -0.50000 	 -21.20000 	 -0.20000 	 -173.80000 	 -0.90000 	 -89.90000 	 -0.80000 	 -0.20000 	 673.00000 	 50.00000 	 -93.40000 	 -112.60000 	 -90.00000 	 
 
167530.90000 	 1216.70000 	 670.30000 	 
581.00000 	 605.00000 	 513.60000 	 501.00000 	 477.10000 	 137.80000 	 25.00000 	 0.10000 	 319.80000 	 668.00000 	 49.00000 	 0.70000 	 -21.20000 	 -0.20000 	 -172.30000 	 -0.90000 	 -89.90000 	 -0.80000 	 -0.20000 	 670.30000 	 50.00000 	 -93.40000 	 -112.60000 	 -90.00000 	 
 
167541.00000 	 1215.50000 	 669.10000 	 
581.00000 	 605.00000 	 513.60000 	 501.00000 	 477.10000 	 137.80000 	 25.00000 	 0.10000 	 319.80000 	 668.00000 	 49.00000 	 0.70000 	 -21.20000 	 -0.20000 	 -172.30000 	 0.40000 	 -90.90000 	 -0.80000 	 -0.50000 	 669.10000 	 51.20000 	 -93.40000 	 -112.60000 	 -90.00000 	 
 
167506.70000 	 1243.10000 	 657.90000 	 
581.70000 	 604.30000 	 513.60000 	 499.20000 	 479.20000 	 137.50000 	 25.00000 	 -0.50000 	 319.80000 	 657.90000 	 50.60000 	 0.40000 	 -18.90000 	 1.20000 	 -172.30000 	 0.50000 	 -94.20000 	 3.30000 	 -1.90000 	 655.50000 	 58.40000 	 -80.10000 	 -114.70000 	 -88.60000 	 
 
170665.90000 	 1186.20000 	 659.10000 	 
581.70000 	 604.30000 	 514.50000 	 498.40000 	 478.50000 	 136.30000 	 25.00000 	 -0.30000 	 319.80000 	 659.10000 	 56.60000 	 5.50000 	 -21.20000 	 0.10000 	 -172.30000 	 12.70000 	 -90.40000 	 15.60000 	 -0.80000 	 658.90000 	 54.30000 	 -47.50000 	 -113.50000 	 -96.90000 	 
 
167612.40000 	 1246.30000 	 655.30000 	 
581.70000 	 604.30000 	 514.80000 	 499.90000 	 478.50000 	 136.30000 	 25.00000 	 -1.20000 	 318.40000 	 654.80000 	 53.40000 	 1.10000 	 -18.90000 	 1.20000 	 -172.30000 	 2.40000 	 -94.20000 	 3.30000 	 -1.90000 	 655.30000 	 58.40000 	 -80.10000 	 -114.70000 	 -88.60000 	 
 
167565.30000 	 1180.50000 	 736.40000 	 
581.00000 	 605.00000 	 513.60000 	 499.60000 	 478.50000 	 137.50000 	 25.00000 	 0.20000 	 315.60000 	 668.00000 	 43.50000 	 -0.20000 	 -22.70000 	 -0.00000 	 -172.30000 	 -0.00000 	 -95.40000 	 -0.00000 	 -4.30000 	 736.40000 	 10.90000 	 -100.10000 	 -111.90000 	 -91.00000 	 
 
167609.80000 	 1178.80000 	 735.90000 	 
581.00000 	 605.00000 	 513.00000 	 499.60000 	 478.50000 	 137.50000 	 25.00000 	 0.10000 	 315.60000 	 667.40000 	 47.20000 	 -0.20000 	 -23.90000 	 0.20000 	 -173.00000 	 0.10000 	 -96.90000 	 0.60000 	 -4.60000 	 735.90000 	 11.80000 	 -99.80000 	 -111.90000 	 -91.00000 	 
 
167593.00000 	 1179.10000 	 733.80000 	 
581.00000 	 605.00000 	 513.00000 	 499.60000 	 478.50000 	 137.50000 	 25.00000 	 0.10000 	 315.60000 	 667.40000 	 47.20000 	 -0.20000 	 -23.90000 	 0.20000 	 -173.00000 	 0.10000 	 -96.90000 	 -0.00000 	 -4.00000 	 733.80000 	 13.90000 	 -100.10000 	 -111.90000 	 -91.00000 	 
 
167571.60000 	 1180.50000 	 733.40000 	 
581.00000 	 605.00000 	 513.60000 	 499.60000 	 478.50000 	 137.50000 	 25.00000 	 0.20000 	 315.60000 	 668.00000 	 43.50000 	 -0.20000 	 -22.70000 	 -0.00000 	 -172.30000 	 -0.00000 	 -95.40000 	 -0.00000 	 -4.30000 	 733.40000 	 13.90000 	 -100.10000 	 -111.90000 	 -91.00000 	 
 
170307.00000 	 1115.30000 	 743.10000 	 
581.70000 	 604.30000 	 512.60000 	 498.40000 	 479.20000 	 137.50000 	 25.00000 	 -0.10000 	 315.60000 	 667.40000 	 46.00000 	 -0.20000 	 -22.70000 	 0.80000 	 -172.30000 	 0.40000 	 -94.90000 	 5.90000 	 -4.00000 	 743.10000 	 26.80000 	 -68.50000 	 -110.50000 	 -91.60000 	 
 
170085.90000 	 1125.20000 	 740.70000 	 
581.70000 	 604.30000 	 514.10000 	 497.70000 	 479.90000 	 136.00000 	 25.00000 	 -0.00000 	 315.60000 	 668.00000 	 48.50000 	 -0.20000 	 -22.70000 	 2.50000 	 -172.30000 	 2.20000 	 -93.00000 	 1.80000 	 -3.10000 	 740.70000 	 21.50000 	 -68.50000 	 -110.50000 	 -97.20000 	 
 
170837.30000 	 1110.30000 	 722.90000 	 
581.70000 	 604.30000 	 514.10000 	 497.70000 	 479.90000 	 136.00000 	 25.00000 	 -0.00000 	 315.60000 	 668.00000 	 48.20000 	 -0.20000 	 -22.70000 	 1.90000 	 -172.30000 	 1.00000 	 -93.00000 	 16.60000 	 -4.00000 	 722.90000 	 35.00000 	 -68.50000 	 -110.50000 	 -91.60000 	 
 
167610.00000 	 1197.70000 	 667.80000 	 
581.70000 	 604.30000 	 513.60000 	 499.00000 	 479.40000 	 137.50000 	 25.00000 	 0.10000 	 317.00000 	 667.40000 	 52.40000 	 -1.60000 	 -22.70000 	 -0.20000 	 -172.30000 	 -0.10000 	 -91.10000 	 0.10000 	 -2.60000 	 667.80000 	 58.20000 	 -93.40000 	 -111.90000 	 -90.70000 	 
 
167599.20000 	 1201.70000 	 667.40000 	 
581.70000 	 604.30000 	 513.60000 	 500.50000 	 477.90000 	 137.50000 	 25.00000 	 0.10000 	 317.00000 	 667.40000 	 52.40000 	 -1.00000 	 -22.70000 	 -0.20000 	 -173.00000 	 -0.10000 	 -90.40000 	 0.70000 	 -2.60000 	 665.50000 	 57.90000 	 -92.00000 	 -111.90000 	 -90.70000 	 
 
167611.10000 	 1198.90000 	 667.40000 	 
581.70000 	 604.30000 	 513.60000 	 500.50000 	 477.90000 	 137.50000 	 25.00000 	 0.10000 	 317.00000 	 667.40000 	 52.40000 	 -1.00000 	 -22.70000 	 -0.20000 	 -173.00000 	 -0.10000 	 -90.40000 	 0.70000 	 -2.60000 	 666.90000 	 57.90000 	 -93.40000 	 -111.90000 	 -90.70000 	 
 
176052.60000 	 1042.90000 	 748.40000 	 
581.70000 	 604.30000 	 513.80000 	 498.40000 	 479.20000 	 136.60000 	 25.00000 	 -0.20000 	 317.00000 	 668.00000 	 51.80000 	 -1.60000 	 -22.70000 	 -0.10000 	 -172.30000 	 -0.70000 	 -89.60000 	 40.30000 	 -1.00000 	 748.40000 	 62.00000 	 -61.50000 	 -110.50000 	 -91.60000 	 
 
171692.90000 	 1128.30000 	 674.70000 	 
581.70000 	 604.30000 	 513.80000 	 498.40000 	 479.20000 	 136.30000 	 25.00000 	 -0.50000 	 318.40000 	 663.80000 	 57.30000 	 0.60000 	 -22.70000 	 2.70000 	 -172.30000 	 9.50000 	 -88.90000 	 19.20000 	 -0.10000 	 674.70000 	 60.30000 	 -61.50000 	 -110.50000 	 -91.60000 	 
 
167611.80000 	 1207.10000 	 661.70000 	 
581.00000 	 605.00000 	 513.60000 	 498.00000 	 480.10000 	 137.80000 	 25.00000 	 0.10000 	 318.40000 	 661.70000 	 53.10000 	 -0.10000 	 -22.70000 	 0.10000 	 -172.30000 	 0.20000 	 -89.00000 	 0.20000 	 -1.10000 	 661.40000 	 62.40000 	 -93.10000 	 -112.20000 	 -90.70000 	 
 
169404.70000 	 1159.40000 	 663.10000 	 
581.70000 	 604.30000 	 514.80000 	 480.10000 	 487.50000 	 136.30000 	 25.00000 	 0.10000 	 318.40000 	 663.10000 	 53.80000 	 -1.60000 	 -22.70000 	 5.40000 	 -172.30000 	 10.70000 	 -88.90000 	 6.30000 	 -0.20000 	 662.70000 	 63.10000 	 -90.40000 	 -97.20000 	 -97.20000 	 
 
169112.10000 	 1163.60000 	 663.10000 	 
581.70000 	 604.30000 	 514.80000 	 480.10000 	 487.50000 	 136.30000 	 25.00000 	 0.10000 	 318.40000 	 663.10000 	 53.80000 	 -1.60000 	 -22.70000 	 7.50000 	 -172.30000 	 10.70000 	 -88.90000 	 -0.00000 	 -0.20000 	 662.70000 	 63.10000 	 -90.40000 	 -97.20000 	 -97.20000 	 
 
167675.20000 	 1206.80000 	 661.70000 	 
581.00000 	 605.00000 	 514.50000 	 499.40000 	 478.70000 	 136.90000 	 25.00000 	 -0.10000 	 318.40000 	 661.70000 	 53.10000 	 -0.10000 	 -22.70000 	 0.80000 	 -172.30000 	 0.20000 	 -89.00000 	 2.30000 	 -0.50000 	 658.00000 	 63.10000 	 -90.40000 	 -114.90000 	 -90.70000 	 
 
167681.30000 	 1175.70000 	 743.60000 	 
581.70000 	 604.30000 	 514.80000 	 492.30000 	 485.80000 	 135.70000 	 25.00000 	 0.30000 	 315.60000 	 667.70000 	 41.20000 	 0.10000 	 -22.70000 	 0.20000 	 -172.30000 	 -0.00000 	 -97.30000 	 1.60000 	 -4.00000 	 743.60000 	 9.30000 	 -101.10000 	 -114.00000 	 -89.30000 	 
 
169851.80000 	 1121.10000 	 745.60000 	 
581.70000 	 604.30000 	 513.50000 	 499.40000 	 478.20000 	 135.60000 	 25.00000 	 -0.00000 	 315.60000 	 667.40000 	 41.80000 	 -0.20000 	 -22.70000 	 4.40000 	 -172.30000 	 0.60000 	 -96.70000 	 5.90000 	 -4.00000 	 745.60000 	 18.40000 	 -69.90000 	 -110.50000 	 -91.60000 	 
 
167641.60000 	 1177.30000 	 717.80000 	 
581.00000 	 605.00000 	 513.60000 	 497.30000 	 480.80000 	 137.50000 	 25.00000 	 -0.00000 	 315.60000 	 667.00000 	 49.80000 	 -0.20000 	 -23.30000 	 0.20000 	 -172.30000 	 0.40000 	 -91.80000 	 0.00000 	 -4.00000 	 717.80000 	 22.20000 	 -101.80000 	 -111.90000 	 -91.00000 	 
 
167678.10000 	 1177.30000 	 709.60000 	 
581.00000 	 605.00000 	 513.60000 	 497.30000 	 480.80000 	 137.50000 	 25.00000 	 -0.00000 	 315.60000 	 667.70000 	 51.80000 	 -0.20000 	 -23.30000 	 0.70000 	 -172.30000 	 0.50000 	 -91.80000 	 1.30000 	 -4.00000 	 709.60000 	 25.80000 	 -101.80000 	 -111.90000 	 -91.00000 	 
 
167662.50000 	 1177.30000 	 710.90000 	 
581.00000 	 605.00000 	 513.60000 	 497.30000 	 480.80000 	 137.50000 	 25.00000 	 -0.00000 	 315.60000 	 667.70000 	 50.40000 	 -0.20000 	 -23.30000 	 0.70000 	 -172.30000 	 0.50000 	 -90.40000 	 0.00000 	 -4.00000 	 710.90000 	 25.80000 	 -101.80000 	 -111.90000 	 -91.00000 	 
 
167737.70000 	 1177.70000 	 674.60000 	 
581.00000 	 605.00000 	 513.60000 	 499.00000 	 479.40000 	 137.50000 	 25.00000 	 -0.10000 	 315.60000 	 668.00000 	 52.10000 	 -0.20000 	 -22.70000 	 0.20000 	 -172.30000 	 0.40000 	 -91.10000 	 -0.00000 	 -4.00000 	 674.60000 	 60.30000 	 -101.40000 	 -113.70000 	 -89.30000 	 
 
167746.90000 	 1177.70000 	 671.90000 	 
581.00000 	 605.00000 	 514.80000 	 500.20000 	 478.20000 	 136.30000 	 25.00000 	 -0.10000 	 315.60000 	 668.00000 	 53.10000 	 -0.20000 	 -22.70000 	 -0.10000 	 -172.30000 	 -0.10000 	 -90.70000 	 0.30000 	 -4.00000 	 671.90000 	 62.10000 	 -101.80000 	 -111.60000 	 -91.00000 	 
 
167714.40000 	 1189.90000 	 670.70000 	 
581.70000 	 604.30000 	 514.80000 	 496.60000 	 481.80000 	 136.30000 	 25.00000 	 0.10000 	 317.00000 	 668.00000 	 52.80000 	 -1.60000 	 -22.70000 	 0.20000 	 -172.30000 	 -1.20000 	 -94.20000 	 -0.10000 	 -1.10000 	 670.70000 	 62.40000 	 -99.30000 	 -112.30000 	 -89.60000 	 
 
167786.00000 	 1181.30000 	 668.60000 	 
581.70000 	 604.30000 	 514.80000 	 496.60000 	 481.80000 	 136.30000 	 25.00000 	 0.10000 	 317.00000 	 668.00000 	 52.80000 	 -1.60000 	 -22.70000 	 0.20000 	 -172.30000 	 0.20000 	 -91.20000 	 1.90000 	 -2.60000 	 668.60000 	 62.40000 	 -102.10000 	 -112.30000 	 -89.60000 	 
 
167775.10000 	 1181.50000 	 668.60000 	 
581.70000 	 604.30000 	 514.80000 	 496.60000 	 481.80000 	 136.30000 	 25.00000 	 0.10000 	 317.00000 	 668.00000 	 52.80000 	 -1.60000 	 -22.70000 	 0.20000 	 -172.30000 	 -0.10000 	 -90.00000 	 0.90000 	 -2.50000 	 668.60000 	 62.40000 	 -102.10000 	 -112.30000 	 -89.60000 	 
 
167723.20000 	 1186.70000 	 668.80000 	 
581.70000 	 604.30000 	 514.80000 	 492.60000 	 485.80000 	 136.30000 	 25.00000 	 -0.10000 	 317.00000 	 668.00000 	 52.80000 	 -1.60000 	 -22.70000 	 0.20000 	 -172.30000 	 -0.10000 	 -92.60000 	 0.70000 	 -2.50000 	 668.80000 	 62.40000 	 -98.70000 	 -112.00000 	 -90.90000 	 
 
167750.30000 	 1180.50000 	 668.80000 	 
581.00000 	 605.00000 	 514.80000 	 500.20000 	 478.20000 	 136.30000 	 25.00000 	 -0.10000 	 315.60000 	 668.00000 	 52.80000 	 -0.20000 	 -22.70000 	 0.20000 	 -172.30000 	 -0.10000 	 -90.00000 	 1.00000 	 -4.00000 	 668.80000 	 62.40000 	 -100.70000 	 -110.70000 	 -91.60000 	 
 
167741.90000 	 1180.50000 	 669.50000 	 
581.00000 	 605.00000 	 514.80000 	 500.20000 	 478.20000 	 136.30000 	 25.00000 	 -0.10000 	 315.60000 	 668.00000 	 52.80000 	 -0.20000 	 -22.70000 	 0.20000 	 -172.30000 	 -0.10000 	 -90.00000 	 0.30000 	 -4.00000 	 669.50000 	 62.40000 	 -100.70000 	 -110.70000 	 -91.60000 	 
 
167642.10000 	 1194.10000 	 667.70000 	 
581.70000 	 604.30000 	 514.80000 	 500.60000 	 477.50000 	 136.30000 	 25.00000 	 -0.00000 	 315.60000 	 667.70000 	 52.50000 	 -0.20000 	 -22.70000 	 0.10000 	 -173.70000 	 -0.10000 	 -90.30000 	 0.10000 	 -4.00000 	 667.70000 	 60.00000 	 -92.40000 	 -114.30000 	 -89.30000 	 
 
169892.90000 	 1134.10000 	 669.50000 	 
581.70000 	 604.30000 	 514.80000 	 500.10000 	 476.80000 	 136.30000 	 25.00000 	 0.10000 	 317.00000 	 668.00000 	 53.80000 	 -1.00000 	 -22.70000 	 0.20000 	 -172.30000 	 9.80000 	 -89.00000 	 9.30000 	 -4.00000 	 669.50000 	 63.10000 	 -68.50000 	 -113.50000 	 -96.90000 	 
 
168623.70000 	 1156.20000 	 676.50000 	 
581.70000 	 604.30000 	 514.80000 	 496.20000 	 476.80000 	 136.30000 	 25.00000 	 0.10000 	 317.00000 	 667.70000 	 53.10000 	 -1.60000 	 -22.70000 	 0.20000 	 -172.30000 	 7.40000 	 -89.00000 	 1.80000 	 -4.00000 	 676.50000 	 63.10000 	 -101.40000 	 -114.40000 	 -88.60000 	 
 
168576.10000 	 1161.20000 	 668.00000 	 
581.70000 	 604.30000 	 514.80000 	 486.60000 	 485.80000 	 136.30000 	 25.00000 	 0.10000 	 317.00000 	 668.00000 	 53.10000 	 -1.60000 	 -22.70000 	 -0.10000 	 -172.30000 	 7.40000 	 -89.00000 	 8.10000 	 -4.00000 	 666.00000 	 63.10000 	 -100.00000 	 -114.40000 	 -88.60000 	 
 
167661.50000 	 1193.50000 	 666.60000 	 
581.70000 	 604.30000 	 515.10000 	 500.60000 	 477.50000 	 136.30000 	 25.00000 	 0.10000 	 315.60000 	 666.30000 	 51.80000 	 -0.20000 	 -22.70000 	 0.10000 	 -172.30000 	 -0.10000 	 -90.40000 	 -0.50000 	 -4.00000 	 666.60000 	 62.80000 	 -94.00000 	 -113.40000 	 -89.30000 	 
 
167738.50000 	 1183.70000 	 666.60000 	 
581.70000 	 604.30000 	 515.10000 	 500.60000 	 477.50000 	 136.30000 	 25.00000 	 0.10000 	 315.60000 	 666.30000 	 52.50000 	 -0.20000 	 -22.70000 	 0.10000 	 -172.30000 	 -0.10000 	 -89.70000 	 -0.50000 	 -4.00000 	 666.60000 	 66.30000 	 -98.60000 	 -113.70000 	 -89.30000 	 
 
170888.40000 	 1116.40000 	 685.50000 	 
581.70000 	 604.30000 	 514.80000 	 500.10000 	 476.80000 	 136.30000 	 25.00000 	 -0.20000 	 317.00000 	 668.00000 	 53.50000 	 -1.00000 	 -22.70000 	 -0.50000 	 -172.30000 	 8.90000 	 -88.20000 	 7.10000 	 -2.40000 	 685.50000 	 63.10000 	 -68.50000 	 -110.50000 	 -91.60000 	 
 
167677.80000 	 1194.90000 	 663.10000 	 
581.70000 	 604.30000 	 514.80000 	 497.60000 	 480.80000 	 136.30000 	 25.00000 	 -0.10000 	 317.00000 	 663.10000 	 53.40000 	 -0.10000 	 -21.80000 	 -0.10000 	 -172.00000 	 -0.00000 	 -89.00000 	 0.10000 	 -2.30000 	 661.80000 	 66.60000 	 -97.90000 	 -112.70000 	 -89.60000 	 
 
167742.60000 	 1194.30000 	 663.10000 	 
581.70000 	 604.30000 	 514.80000 	 497.60000 	 480.80000 	 136.30000 	 25.00000 	 -0.10000 	 317.00000 	 663.10000 	 53.40000 	 -1.00000 	 -22.70000 	 -0.20000 	 -172.30000 	 -0.00000 	 -89.30000 	 0.40000 	 -2.60000 	 663.10000 	 66.40000 	 -95.10000 	 -112.70000 	 -89.60000 	 
 
169843.70000 	 1110.60000 	 748.10000 	 
581.70000 	 604.30000 	 513.00000 	 495.00000 	 473.10000 	 135.00000 	 25.00000 	 -3.00000 	 315.60000 	 667.40000 	 46.30000 	 -0.20000 	 -22.70000 	 -0.00000 	 -172.30000 	 0.60000 	 -96.70000 	 13.70000 	 -4.00000 	 748.10000 	 32.90000 	 -101.40000 	 -110.50000 	 -89.50000 	 
 
167729.80000 	 1171.10000 	 719.50000 	 
581.70000 	 604.30000 	 513.00000 	 499.00000 	 476.10000 	 137.60000 	 25.00000 	 0.40000 	 315.60000 	 668.00000 	 49.20000 	 -0.20000 	 -22.70000 	 -0.20000 	 -172.30000 	 -1.30000 	 -92.00000 	 -0.10000 	 -4.00000 	 719.50000 	 25.30000 	 -100.50000 	 -114.70000 	 -89.20000 	 
 
169832.80000 	 1125.50000 	 720.40000 	 
581.70000 	 604.30000 	 512.30000 	 499.00000 	 476.80000 	 136.40000 	 25.00000 	 2.00000 	 315.60000 	 668.00000 	 48.50000 	 -0.20000 	 -22.70000 	 1.20000 	 -172.30000 	 1.00000 	 -91.00000 	 8.60000 	 -2.80000 	 720.40000 	 28.50000 	 -69.90000 	 -110.50000 	 -91.60000 	 
 
167725.60000 	 1177.10000 	 679.90000 	 
581.00000 	 605.00000 	 513.00000 	 497.30000 	 479.00000 	 138.20000 	 26.40000 	 -0.10000 	 315.60000 	 668.00000 	 51.10000 	 -0.20000 	 -22.70000 	 -0.30000 	 -172.30000 	 -0.00000 	 -90.80000 	 -0.00000 	 -4.00000 	 679.90000 	 57.20000 	 -101.40000 	 -113.70000 	 -89.30000 	 
 
167734.90000 	 1178.90000 	 679.30000 	 
581.00000 	 605.00000 	 513.00000 	 497.00000 	 479.00000 	 137.60000 	 26.20000 	 1.30000 	 315.60000 	 668.00000 	 50.10000 	 -0.20000 	 -22.10000 	 -0.20000 	 -172.30000 	 -0.00000 	 -90.80000 	 0.00000 	 -4.00000 	 679.30000 	 57.80000 	 -101.40000 	 -113.70000 	 -89.30000 	 
 
167736.40000 	 1177.10000 	 679.00000 	 
581.00000 	 605.00000 	 513.00000 	 497.30000 	 479.00000 	 138.20000 	 26.40000 	 -0.10000 	 315.60000 	 668.00000 	 51.10000 	 -0.20000 	 -22.70000 	 -0.30000 	 -172.30000 	 -0.00000 	 -90.80000 	 0.90000 	 -4.00000 	 679.00000 	 57.20000 	 -101.40000 	 -113.70000 	 -89.30000 	 
 
170220.30000 	 1123.00000 	 692.30000 	 
581.70000 	 604.30000 	 513.00000 	 498.70000 	 478.50000 	 135.70000 	 25.00000 	 2.10000 	 315.60000 	 668.00000 	 51.80000 	 -0.20000 	 -22.70000 	 2.40000 	 -172.30000 	 1.40000 	 -90.50000 	 9.00000 	 -3.40000 	 692.30000 	 58.40000 	 -69.90000 	 -110.50000 	 -97.20000 	 
 
167753.50000 	 1176.90000 	 673.30000 	 
581.00000 	 605.00000 	 514.80000 	 497.70000 	 480.40000 	 136.30000 	 25.00000 	 -0.20000 	 315.60000 	 668.00000 	 52.80000 	 -0.20000 	 -23.90000 	 -0.00000 	 -172.30000 	 -0.10000 	 -90.40000 	 0.40000 	 -4.00000 	 673.30000 	 62.10000 	 -101.50000 	 -111.90000 	 -91.00000 	 
 
168312.90000 	 1165.00000 	 676.40000 	 
581.70000 	 604.30000 	 514.20000 	 498.40000 	 478.50000 	 136.30000 	 25.00000 	 1.00000 	 315.60000 	 668.00000 	 52.80000 	 -0.20000 	 -22.70000 	 -0.50000 	 -172.30000 	 -1.50000 	 -90.40000 	 1.80000 	 -4.00000 	 676.40000 	 67.50000 	 -98.80000 	 -113.30000 	 -90.20000 	 
 
168121.80000 	 1168.50000 	 676.40000 	 
581.70000 	 604.30000 	 514.20000 	 498.40000 	 478.50000 	 136.30000 	 25.00000 	 1.00000 	 315.60000 	 668.00000 	 52.80000 	 -0.20000 	 -22.70000 	 -0.50000 	 -172.30000 	 -1.50000 	 -90.40000 	 1.80000 	 -4.00000 	 676.40000 	 64.00000 	 -98.80000 	 -113.30000 	 -90.20000 	 
 
168104.10000 	 1169.60000 	 676.40000 	 
581.00000 	 605.00000 	 514.20000 	 497.70000 	 479.20000 	 136.30000 	 25.00000 	 1.00000 	 315.60000 	 668.00000 	 52.80000 	 -0.20000 	 -22.70000 	 0.20000 	 -172.30000 	 -1.50000 	 -89.70000 	 1.80000 	 -4.00000 	 676.40000 	 63.30000 	 -101.50000 	 -113.30000 	 -89.30000 	 
 
168066.30000 	 1170.30000 	 674.30000 	 
581.00000 	 605.00000 	 514.20000 	 497.70000 	 479.20000 	 136.30000 	 25.00000 	 1.00000 	 315.60000 	 668.00000 	 52.80000 	 -0.20000 	 -22.70000 	 0.20000 	 -172.30000 	 -0.10000 	 -89.70000 	 1.80000 	 -4.00000 	 674.30000 	 63.30000 	 -101.50000 	 -113.30000 	 -89.30000 	 
 
167783.90000 	 1176.50000 	 671.60000 	 
581.00000 	 605.00000 	 514.20000 	 497.70000 	 480.40000 	 136.30000 	 25.00000 	 0.40000 	 315.60000 	 668.00000 	 52.80000 	 -0.20000 	 -22.70000 	 0.20000 	 -172.30000 	 -0.10000 	 -89.70000 	 0.40000 	 -4.00000 	 671.60000 	 62.10000 	 -101.50000 	 -111.90000 	 -91.00000 	 
 
167773.10000 	 1177.70000 	 671.00000 	 
581.00000 	 605.00000 	 514.50000 	 498.00000 	 480.40000 	 136.30000 	 25.00000 	 0.40000 	 315.60000 	 668.00000 	 52.80000 	 -0.20000 	 -22.70000 	 0.20000 	 -172.30000 	 -0.10000 	 -89.70000 	 0.40000 	 -4.00000 	 671.00000 	 62.10000 	 -101.80000 	 -111.90000 	 -90.70000 	 
 
167754.30000 	 1178.10000 	 670.00000 	 
581.00000 	 605.00000 	 514.80000 	 500.10000 	 478.00000 	 136.30000 	 25.30000 	 0.10000 	 315.60000 	 668.00000 	 53.80000 	 -0.20000 	 -22.70000 	 -0.10000 	 -172.30000 	 -0.10000 	 -89.70000 	 -0.30000 	 -4.00000 	 670.00000 	 62.70000 	 -102.10000 	 -111.60000 	 -90.70000 	 
 
167785.10000 	 1177.70000 	 670.20000 	 
581.00000 	 605.00000 	 514.80000 	 500.10000 	 478.00000 	 136.30000 	 25.00000 	 -0.20000 	 315.60000 	 668.00000 	 54.10000 	 -0.20000 	 -22.70000 	 -0.40000 	 -172.30000 	 -0.10000 	 -89.50000 	 -0.30000 	 -3.80000 	 670.20000 	 62.70000 	 -102.10000 	 -111.60000 	 -90.70000 	 
 
167748.20000 	 1178.10000 	 670.30000 	 
581.70000 	 604.30000 	 514.50000 	 499.10000 	 479.00000 	 136.90000 	 25.00000 	 0.10000 	 315.60000 	 668.00000 	 53.10000 	 -0.20000 	 -22.70000 	 -0.10000 	 -172.30000 	 -0.10000 	 -89.70000 	 0.10000 	 -4.00000 	 670.30000 	 62.70000 	 -101.10000 	 -114.00000 	 -89.30000 	 
 
169018.20000 	 1154.00000 	 673.60000 	 
581.70000 	 604.30000 	 514.80000 	 498.40000 	 478.50000 	 136.30000 	 25.00000 	 0.20000 	 315.60000 	 668.00000 	 53.10000 	 -0.20000 	 -22.70000 	 0.20000 	 -172.30000 	 1.80000 	 -89.70000 	 9.90000 	 -4.00000 	 673.60000 	 67.10000 	 -102.10000 	 -109.80000 	 -89.50000 	 
 
168635.20000 	 1160.50000 	 672.70000 	 
581.70000 	 604.30000 	 514.80000 	 498.40000 	 478.50000 	 136.30000 	 25.00000 	 0.20000 	 315.60000 	 668.00000 	 53.10000 	 -0.20000 	 -22.70000 	 0.20000 	 -172.30000 	 0.60000 	 -89.70000 	 4.30000 	 -4.00000 	 672.70000 	 69.20000 	 -98.10000 	 -114.00000 	 -90.20000 	 
 
168380.50000 	 1164.10000 	 674.50000 	 
581.70000 	 604.30000 	 514.80000 	 498.40000 	 478.50000 	 136.30000 	 25.00000 	 0.20000 	 315.60000 	 668.00000 	 53.10000 	 -0.20000 	 -22.70000 	 0.20000 	 -172.30000 	 0.60000 	 -89.70000 	 4.50000 	 -4.00000 	 674.50000 	 63.60000 	 -98.10000 	 -114.00000 	 -90.20000 	 
 
168267.30000 	 1166.10000 	 672.70000 	 
581.70000 	 604.30000 	 514.80000 	 498.40000 	 478.50000 	 136.30000 	 25.00000 	 0.20000 	 315.60000 	 668.00000 	 53.10000 	 -0.20000 	 -22.70000 	 0.20000 	 -172.30000 	 0.60000 	 -89.70000 	 4.30000 	 -4.00000 	 672.70000 	 63.60000 	 -98.10000 	 -114.00000 	 -90.20000 	 
 
168281.30000 	 1165.90000 	 668.90000 	 
581.70000 	 604.30000 	 514.80000 	 498.40000 	 478.50000 	 136.30000 	 25.00000 	 0.20000 	 315.60000 	 668.00000 	 53.10000 	 -0.20000 	 -22.70000 	 0.20000 	 -172.30000 	 0.60000 	 -89.70000 	 2.70000 	 -4.00000 	 668.90000 	 69.20000 	 -98.10000 	 -114.00000 	 -90.20000 	 
 
167884.50000 	 1177.00000 	 667.00000 	 
581.70000 	 604.30000 	 514.80000 	 498.40000 	 478.50000 	 136.30000 	 25.00000 	 1.20000 	 315.60000 	 667.00000 	 53.10000 	 -0.90000 	 -22.70000 	 -0.50000 	 -172.30000 	 -0.10000 	 -89.40000 	 1.50000 	 -4.00000 	 666.20000 	 68.20000 	 -100.80000 	 -114.00000 	 -89.30000 	 
 
167811.70000 	 1177.30000 	 671.50000 	 
581.70000 	 604.30000 	 514.80000 	 499.60000 	 478.50000 	 136.30000 	 25.00000 	 0.20000 	 315.60000 	 668.00000 	 52.80000 	 -0.20000 	 -22.70000 	 -0.50000 	 -172.30000 	 -0.10000 	 -89.70000 	 -2.70000 	 -4.00000 	 671.50000 	 65.60000 	 -98.40000 	 -113.70000 	 -92.30000 	 
 
167771.60000 	 1178.10000 	 669.50000 	 
581.70000 	 604.30000 	 513.90000 	 501.00000 	 477.10000 	 137.50000 	 25.00000 	 0.10000 	 315.60000 	 668.00000 	 52.80000 	 -0.20000 	 -22.70000 	 -1.20000 	 -172.30000 	 -0.10000 	 -89.70000 	 -0.60000 	 -4.00000 	 669.50000 	 65.60000 	 -98.40000 	 -113.70000 	 -92.30000 	 
 
167745.20000 	 1178.10000 	 670.90000 	 
581.70000 	 604.30000 	 514.50000 	 499.10000 	 479.00000 	 136.90000 	 25.00000 	 0.10000 	 315.60000 	 668.00000 	 53.10000 	 -0.20000 	 -22.70000 	 -0.10000 	 -172.30000 	 -0.10000 	 -89.70000 	 0.10000 	 -4.00000 	 670.90000 	 62.10000 	 -101.40000 	 -113.70000 	 -89.30000 	 
 
169565.40000 	 1137.30000 	 669.80000 	 
581.70000 	 604.30000 	 514.10000 	 498.40000 	 479.20000 	 136.30000 	 25.00000 	 0.40000 	 315.60000 	 668.00000 	 53.10000 	 -0.20000 	 -22.70000 	 -0.50000 	 -172.30000 	 -0.70000 	 -88.90000 	 8.60000 	 -2.40000 	 669.80000 	 67.10000 	 -69.90000 	 -110.50000 	 -91.60000 	 
 
167810.30000 	 1177.40000 	 668.00000 	 
581.00000 	 605.00000 	 514.80000 	 500.60000 	 477.50000 	 136.30000 	 25.00000 	 0.20000 	 315.60000 	 668.00000 	 53.50000 	 -0.20000 	 -22.70000 	 0.20000 	 -172.30000 	 -0.10000 	 -89.00000 	 0.50000 	 -4.00000 	 668.00000 	 63.40000 	 -100.80000 	 -114.00000 	 -89.30000 	 
 
168248.50000 	 1168.10000 	 669.40000 	 
581.70000 	 604.30000 	 514.80000 	 498.70000 	 478.20000 	 136.30000 	 25.00000 	 0.20000 	 315.60000 	 668.00000 	 53.50000 	 -0.20000 	 -22.70000 	 0.20000 	 -172.30000 	 -2.20000 	 -89.00000 	 4.90000 	 -3.60000 	 669.40000 	 66.40000 	 -98.10000 	 -114.70000 	 -89.50000 	 
 
168691.50000 	 1169.70000 	 667.10000 	 
581.00000 	 605.00000 	 514.20000 	 500.10000 	 478.30000 	 136.30000 	 25.00000 	 0.20000 	 315.60000 	 667.10000 	 53.10000 	 -0.20000 	 -22.70000 	 3.10000 	 -172.30000 	 7.10000 	 -89.10000 	 0.50000 	 -4.00000 	 665.80000 	 68.60000 	 -99.30000 	 -111.60000 	 -90.70000 	 
 
167765.90000 	 1182.00000 	 666.50000 	 
581.00000 	 605.00000 	 513.00000 	 491.60000 	 486.80000 	 137.50000 	 25.00000 	 -0.00000 	 315.60000 	 666.50000 	 54.10000 	 -0.20000 	 -22.70000 	 -0.10000 	 -172.30000 	 -0.00000 	 -89.60000 	 1.20000 	 -4.00000 	 664.40000 	 65.70000 	 -98.00000 	 -114.00000 	 -89.30000 	 
 
168900.50000 	 1161.40000 	 664.40000 	 
581.70000 	 604.30000 	 514.20000 	 498.40000 	 479.70000 	 136.30000 	 25.00000 	 0.10000 	 315.60000 	 663.80000 	 56.50000 	 -0.20000 	 -24.20000 	 2.70000 	 -172.30000 	 -0.00000 	 -87.20000 	 6.80000 	 -1.40000 	 664.40000 	 69.90000 	 -84.60000 	 -111.70000 	 -97.20000 	 
 
168063.60000 	 1182.70000 	 662.60000 	 
581.00000 	 605.00000 	 513.60000 	 499.10000 	 477.80000 	 138.70000 	 25.00000 	 0.20000 	 315.60000 	 662.60000 	 53.80000 	 -0.20000 	 -22.70000 	 0.40000 	 -172.30000 	 0.60000 	 -89.00000 	 3.50000 	 -1.90000 	 662.30000 	 69.90000 	 -98.00000 	 -114.70000 	 -88.60000 	 
 
167978.00000 	 1177.40000 	 666.70000 	 
581.00000 	 605.00000 	 513.60000 	 491.60000 	 486.80000 	 137.50000 	 25.00000 	 -0.10000 	 315.60000 	 666.50000 	 54.10000 	 -0.20000 	 -22.70000 	 0.60000 	 -172.30000 	 2.10000 	 -89.00000 	 4.50000 	 -4.70000 	 666.70000 	 64.60000 	 -105.70000 	 -114.00000 	 -89.30000 	 
 
167788.90000 	 1177.80000 	 668.60000 	 
581.00000 	 605.00000 	 513.60000 	 491.60000 	 486.80000 	 137.50000 	 25.00000 	 0.10000 	 315.60000 	 666.50000 	 54.10000 	 -0.20000 	 -22.70000 	 -0.00000 	 -172.30000 	 -0.00000 	 -89.00000 	 0.20000 	 -4.70000 	 668.60000 	 64.60000 	 -100.80000 	 -114.00000 	 -89.30000 	 
 
170405.10000 	 1128.70000 	 664.60000 	 
581.70000 	 604.30000 	 514.80000 	 498.40000 	 478.50000 	 135.70000 	 25.00000 	 0.20000 	 315.60000 	 663.80000 	 56.50000 	 -0.20000 	 -22.70000 	 3.40000 	 -172.30000 	 9.00000 	 -87.20000 	 12.50000 	 -2.10000 	 664.60000 	 67.80000 	 -69.90000 	 -110.50000 	 -97.20000 	 
 
168067.40000 	 1125.10000 	 781.00000 	 
581.00000 	 605.00000 	 513.00000 	 498.90000 	 456.20000 	 135.00000 	 25.00000 	 -0.00000 	 315.30000 	 668.00000 	 41.60000 	 -0.20000 	 -22.70000 	 -0.00000 	 -172.30000 	 0.10000 	 -100.50000 	 0.10000 	 -4.00000 	 780.50000 	 1.30000 	 -101.10000 	 -113.70000 	 -89.60000 	 
 
171904.90000 	 1037.40000 	 796.00000 	 
581.70000 	 604.30000 	 513.00000 	 495.40000 	 453.80000 	 135.00000 	 25.00000 	 -1.20000 	 315.60000 	 668.00000 	 43.80000 	 -0.20000 	 -22.70000 	 -0.00000 	 -172.30000 	 -0.70000 	 -97.20000 	 20.80000 	 -4.00000 	 795.80000 	 14.10000 	 -69.90000 	 -110.50000 	 -97.20000 	 
 
168336.30000 	 1119.70000 	 773.00000 	 
579.80000 	 605.00000 	 512.60000 	 491.10000 	 459.60000 	 135.00000 	 25.00000 	 -0.00000 	 315.60000 	 668.00000 	 47.30000 	 -0.20000 	 -22.70000 	 -0.00000 	 -172.30000 	 -0.90000 	 -97.80000 	 2.80000 	 -1.90000 	 772.50000 	 4.60000 	 -99.10000 	 -112.60000 	 -90.90000 	 
 
168064.40000 	 1127.50000 	 780.00000 	 
581.00000 	 605.00000 	 513.00000 	 498.90000 	 455.30000 	 135.00000 	 25.00000 	 -0.00000 	 315.30000 	 668.00000 	 42.50000 	 -0.20000 	 -22.70000 	 -0.00000 	 -172.30000 	 -0.00000 	 -100.50000 	 0.10000 	 -1.90000 	 779.70000 	 0.10000 	 -100.80000 	 -114.00000 	 -89.60000 	 
 
168087.40000 	 1123.30000 	 774.00000 	 
581.00000 	 605.00000 	 513.00000 	 499.50000 	 453.50000 	 136.20000 	 25.00000 	 -0.00000 	 315.30000 	 668.00000 	 43.10000 	 -0.20000 	 -22.70000 	 -0.00000 	 -172.30000 	 0.20000 	 -97.80000 	 0.10000 	 -4.00000 	 773.50000 	 4.90000 	 -101.10000 	 -113.70000 	 -89.60000 	 
 
167923.60000 	 1140.90000 	 750.70000 	 
581.00000 	 605.00000 	 513.00000 	 496.40000 	 466.00000 	 135.00000 	 25.70000 	 -0.10000 	 315.60000 	 668.00000 	 48.00000 	 -0.20000 	 -22.70000 	 -0.00000 	 -172.30000 	 -0.30000 	 -92.80000 	 -0.00000 	 -4.00000 	 750.70000 	 9.30000 	 -101.20000 	 -111.90000 	 -91.30000 	 
 
172004.80000 	 1024.00000 	 759.40000 	 
581.70000 	 604.30000 	 513.00000 	 486.70000 	 442.70000 	 135.00000 	 25.00000 	 6.50000 	 315.60000 	 668.00000 	 52.80000 	 -0.20000 	 -22.70000 	 -0.20000 	 -172.30000 	 10.60000 	 -94.90000 	 22.20000 	 -4.00000 	 759.40000 	 28.00000 	 -69.90000 	 -110.50000 	 -97.20000 	 
 
170327.40000 	 1079.60000 	 763.60000 	 
581.70000 	 604.30000 	 513.00000 	 478.00000 	 473.00000 	 135.00000 	 25.00000 	 1.80000 	 315.60000 	 668.00000 	 46.80000 	 -0.20000 	 -22.70000 	 0.60000 	 -172.30000 	 7.40000 	 -94.90000 	 3.30000 	 -4.00000 	 763.60000 	 28.00000 	 -98.80000 	 -97.20000 	 -97.20000 	 
 
169811.70000 	 1089.80000 	 766.90000 	 
581.70000 	 604.30000 	 513.00000 	 467.80000 	 481.40000 	 135.00000 	 25.00000 	 4.20000 	 315.60000 	 668.00000 	 46.80000 	 -0.20000 	 -22.70000 	 0.60000 	 -172.30000 	 7.40000 	 -94.90000 	 -0.00000 	 -4.00000 	 766.90000 	 18.40000 	 -98.80000 	 -97.20000 	 -97.20000 	 
 
168108.50000 	 1126.90000 	 759.80000 	 
581.00000 	 605.00000 	 513.00000 	 508.30000 	 446.90000 	 135.00000 	 25.00000 	 0.80000 	 315.60000 	 668.00000 	 48.00000 	 -0.20000 	 -22.70000 	 2.30000 	 -174.70000 	 -1.70000 	 -95.50000 	 -0.00000 	 -4.00000 	 759.80000 	 11.40000 	 -101.20000 	 -111.90000 	 -91.30000 	 
 
168132.50000 	 1124.10000 	 759.10000 	 
581.00000 	 605.00000 	 513.00000 	 502.30000 	 456.50000 	 135.00000 	 25.00000 	 -7.70000 	 319.10000 	 668.00000 	 49.20000 	 -0.20000 	 -23.30000 	 -0.00000 	 -172.30000 	 -0.30000 	 -95.50000 	 -0.00000 	 -4.00000 	 759.10000 	 11.40000 	 -101.20000 	 -111.90000 	 -91.30000 	 
 
168027.80000 	 1129.70000 	 759.10000 	 
581.00000 	 605.00000 	 513.00000 	 500.50000 	 456.50000 	 136.20000 	 25.00000 	 -0.80000 	 315.60000 	 668.00000 	 46.80000 	 -0.20000 	 -22.70000 	 0.40000 	 -172.30000 	 -1.00000 	 -95.50000 	 -0.00000 	 -4.00000 	 759.10000 	 10.70000 	 -101.20000 	 -111.90000 	 -91.30000 	 
 
172421.50000 	 1008.90000 	 791.00000 	 
581.70000 	 604.30000 	 513.00000 	 495.40000 	 421.70000 	 135.00000 	 25.00000 	 2.70000 	 316.30000 	 668.70000 	 46.80000 	 1.20000 	 -22.00000 	 3.40000 	 -171.60000 	 5.80000 	 -94.20000 	 23.70000 	 -4.00000 	 791.00000 	 28.40000 	 -101.40000 	 -110.50000 	 -89.50000 	 
 
168051.60000 	 1143.70000 	 726.80000 	 
581.70000 	 604.30000 	 513.00000 	 495.00000 	 469.40000 	 135.00000 	 25.00000 	 -0.60000 	 315.60000 	 668.00000 	 49.90000 	 -0.20000 	 -22.70000 	 -0.90000 	 -172.30000 	 0.00000 	 -90.40000 	 -0.00000 	 -2.30000 	 726.80000 	 28.90000 	 -101.80000 	 -112.30000 	 -90.00000 	 
 
168232.50000 	 1140.10000 	 724.70000 	 
581.70000 	 604.30000 	 513.00000 	 495.00000 	 469.40000 	 135.00000 	 25.00000 	 -0.60000 	 315.60000 	 668.00000 	 49.90000 	 -0.20000 	 -22.70000 	 -0.30000 	 -172.30000 	 -0.00000 	 -90.40000 	 -2.40000 	 -2.30000 	 724.70000 	 34.00000 	 -102.40000 	 -108.40000 	 -90.90000 	 
 
174353.00000 	 1026.10000 	 757.20000 	 
581.10000 	 604.30000 	 513.60000 	 487.00000 	 465.20000 	 135.60000 	 24.40000 	 9.00000 	 316.30000 	 668.00000 	 49.90000 	 -0.20000 	 -22.70000 	 1.50000 	 -172.30000 	 4.10000 	 -91.60000 	 50.70000 	 -4.00000 	 757.20000 	 26.80000 	 -69.90000 	 -110.50000 	 -91.60000 	 
 
167957.40000 	 1154.30000 	 691.40000 	 
581.00000 	 605.00000 	 513.00000 	 492.20000 	 475.30000 	 136.20000 	 25.00000 	 0.40000 	 315.30000 	 667.70000 	 49.70000 	 -0.20000 	 -22.70000 	 -0.10000 	 -171.70000 	 -0.00000 	 -92.90000 	 1.30000 	 -4.00000 	 691.40000 	 59.40000 	 -101.80000 	 -111.90000 	 -90.70000 	 
 
171433.30000 	 1080.60000 	 710.70000 	 
581.70000 	 604.30000 	 513.00000 	 493.40000 	 471.90000 	 135.00000 	 25.00000 	 0.50000 	 315.60000 	 668.00000 	 51.80000 	 -0.20000 	 -22.70000 	 1.20000 	 -172.30000 	 10.80000 	 -90.40000 	 14.30000 	 -3.30000 	 710.70000 	 53.50000 	 -69.90000 	 -110.50000 	 -97.20000 	 
 
168655.30000 	 1141.10000 	 694.40000 	 
581.70000 	 604.30000 	 514.80000 	 493.40000 	 474.50000 	 136.20000 	 25.00000 	 -7.80000 	 316.30000 	 668.70000 	 51.80000 	 0.50000 	 -22.00000 	 -0.10000 	 -170.40000 	 -0.20000 	 -90.40000 	 6.00000 	 -2.50000 	 694.40000 	 55.70000 	 -96.00000 	 -114.40000 	 -90.20000 	 
 
168553.40000 	 1142.80000 	 694.40000 	 
581.70000 	 604.30000 	 513.00000 	 494.00000 	 473.30000 	 136.20000 	 25.00000 	 -6.00000 	 316.30000 	 668.70000 	 51.80000 	 0.50000 	 -22.00000 	 -0.70000 	 -170.40000 	 -0.20000 	 -90.40000 	 6.00000 	 -2.50000 	 694.40000 	 55.70000 	 -98.10000 	 -114.70000 	 -89.50000 	 
 
167969.20000 	 1164.90000 	 680.80000 	 
581.00000 	 605.00000 	 513.00000 	 492.30000 	 476.80000 	 139.20000 	 25.00000 	 0.20000 	 315.60000 	 667.10000 	 51.80000 	 -0.20000 	 -22.70000 	 -0.10000 	 -172.30000 	 -1.50000 	 -91.40000 	 10.80000 	 -2.50000 	 680.80000 	 53.40000 	 -101.80000 	 -111.90000 	 -90.70000 	 
 
167907.70000 	 1158.30000 	 697.60000 	 
581.00000 	 605.00000 	 513.00000 	 492.90000 	 477.40000 	 135.60000 	 25.00000 	 0.60000 	 315.60000 	 667.10000 	 51.80000 	 -0.00000 	 -22.70000 	 -0.10000 	 -172.30000 	 -0.00000 	 -93.20000 	 0.30000 	 -4.00000 	 697.60000 	 51.30000 	 -102.40000 	 -111.90000 	 -90.70000 	 
 
167890.90000 	 1161.90000 	 691.00000 	 
581.00000 	 605.00000 	 513.00000 	 492.90000 	 476.80000 	 136.20000 	 25.00000 	 2.60000 	 315.60000 	 667.10000 	 51.80000 	 -0.20000 	 -22.70000 	 -0.10000 	 -172.30000 	 -0.80000 	 -93.20000 	 0.50000 	 -4.00000 	 691.00000 	 56.10000 	 -101.80000 	 -111.90000 	 -90.70000 	 
 
167940.30000 	 1156.10000 	 691.40000 	 
581.00000 	 605.00000 	 513.00000 	 492.90000 	 476.80000 	 134.70000 	 25.00000 	 0.30000 	 315.30000 	 667.10000 	 49.70000 	 -0.20000 	 -22.70000 	 -0.10000 	 -171.70000 	 -0.00000 	 -92.90000 	 1.30000 	 -4.00000 	 691.40000 	 59.40000 	 -101.80000 	 -111.90000 	 -90.70000 	 
 
173067.00000 	 1048.50000 	 732.90000 	 
581.70000 	 604.30000 	 513.00000 	 493.40000 	 473.30000 	 135.00000 	 25.00000 	 -0.90000 	 315.60000 	 668.00000 	 51.80000 	 -0.20000 	 -22.70000 	 1.20000 	 -172.30000 	 -0.50000 	 -90.10000 	 31.80000 	 -3.10000 	 732.90000 	 52.10000 	 -69.90000 	 -110.50000 	 -91.60000 	 
 
167843.50000 	 1165.40000 	 685.70000 	 
581.00000 	 605.00000 	 513.00000 	 498.80000 	 476.60000 	 135.00000 	 25.00000 	 -0.00000 	 315.60000 	 668.00000 	 51.80000 	 -0.20000 	 -22.70000 	 -0.00000 	 -172.30000 	 -0.90000 	 -92.40000 	 1.50000 	 -4.00000 	 685.70000 	 56.80000 	 -101.80000 	 -111.60000 	 -90.70000 	 
 
168366.40000 	 1160.40000 	 677.20000 	 
581.70000 	 604.30000 	 513.00000 	 497.80000 	 476.10000 	 135.00000 	 25.00000 	 -0.80000 	 316.30000 	 668.70000 	 51.80000 	 0.50000 	 -22.00000 	 1.70000 	 -172.30000 	 -0.10000 	 -90.40000 	 5.70000 	 -2.80000 	 677.20000 	 61.50000 	 -98.10000 	 -114.70000 	 -89.50000 	 
 
167917.20000 	 1171.30000 	 675.80000 	 
581.00000 	 605.00000 	 513.00000 	 494.60000 	 479.60000 	 137.10000 	 25.00000 	 -0.10000 	 316.30000 	 668.00000 	 52.50000 	 -0.20000 	 -22.70000 	 0.40000 	 -172.30000 	 -0.20000 	 -91.10000 	 6.30000 	 -2.20000 	 675.80000 	 56.20000 	 -101.50000 	 -111.90000 	 -90.70000 	 
 
167808.60000 	 1175.80000 	 677.40000 	 
581.00000 	 605.00000 	 513.00000 	 498.80000 	 476.60000 	 136.40000 	 25.00000 	 2.60000 	 315.60000 	 668.00000 	 51.10000 	 -0.20000 	 -22.70000 	 0.70000 	 -172.30000 	 -0.70000 	 -91.80000 	 1.30000 	 -3.10000 	 677.40000 	 59.60000 	 -101.50000 	 -111.90000 	 -90.70000 	 
 
167865.50000 	 1168.20000 	 681.70000 	 
581.00000 	 605.00000 	 513.00000 	 498.80000 	 476.60000 	 135.00000 	 25.00000 	 -0.20000 	 315.60000 	 668.00000 	 51.80000 	 -0.20000 	 -22.70000 	 -0.00000 	 -172.30000 	 0.30000 	 -91.10000 	 1.10000 	 -5.40000 	 681.70000 	 60.30000 	 -101.50000 	 -111.90000 	 -90.70000 	 
 
167847.10000 	 1165.00000 	 685.90000 	 
581.00000 	 605.00000 	 513.00000 	 498.80000 	 476.60000 	 135.00000 	 25.00000 	 -0.20000 	 315.60000 	 668.00000 	 51.80000 	 -0.20000 	 -22.70000 	 -0.00000 	 -172.30000 	 -0.90000 	 -92.40000 	 1.50000 	 -4.00000 	 685.90000 	 56.80000 	 -101.50000 	 -111.90000 	 -90.70000 	 
 
169351.30000 	 1151.10000 	 685.20000 	 
581.70000 	 604.30000 	 512.30000 	 499.00000 	 476.80000 	 136.40000 	 25.00000 	 2.10000 	 315.60000 	 668.00000 	 57.30000 	 -0.20000 	 -22.70000 	 -0.10000 	 -172.30000 	 0.90000 	 -88.90000 	 0.80000 	 -1.70000 	 685.20000 	 67.80000 	 -101.40000 	 -110.50000 	 -89.50000 	 
 
168314.00000 	 1169.40000 	 667.30000 	 
581.70000 	 604.30000 	 514.80000 	 499.00000 	 477.50000 	 137.00000 	 25.00000 	 1.70000 	 315.60000 	 667.30000 	 51.70000 	 -0.20000 	 -22.70000 	 -0.10000 	 -173.00000 	 0.10000 	 -89.70000 	 6.50000 	 -4.00000 	 665.40000 	 70.10000 	 -102.10000 	 -108.60000 	 -90.90000 	 
 
168253.70000 	 1166.90000 	 669.20000 	 
581.70000 	 604.30000 	 514.50000 	 491.20000 	 485.10000 	 137.00000 	 25.00000 	 -0.00000 	 315.60000 	 668.00000 	 55.80000 	 0.10000 	 -23.90000 	 -0.10000 	 -172.00000 	 3.30000 	 -89.70000 	 0.20000 	 -4.00000 	 669.20000 	 65.20000 	 -102.10000 	 -108.40000 	 -90.90000 	 
 
168166.00000 	 1168.50000 	 669.20000 	 
581.70000 	 604.30000 	 514.50000 	 491.20000 	 485.10000 	 137.00000 	 25.00000 	 -0.00000 	 315.60000 	 668.00000 	 55.80000 	 0.10000 	 -23.90000 	 -0.10000 	 -172.00000 	 2.70000 	 -89.70000 	 0.20000 	 -4.00000 	 669.20000 	 65.10000 	 -98.80000 	 -112.60000 	 -90.90000 	 
 
171694.00000 	 1101.80000 	 684.60000 	 
581.70000 	 604.30000 	 512.30000 	 499.00000 	 476.80000 	 136.40000 	 25.00000 	 2.40000 	 315.60000 	 668.00000 	 58.00000 	 -0.20000 	 -22.70000 	 -3.40000 	 -172.30000 	 1.60000 	 -88.90000 	 24.80000 	 -1.70000 	 684.60000 	 66.50000 	 -69.90000 	 -110.50000 	 -91.60000 	 
 
171637.00000 	 1104.00000 	 684.60000 	 
581.70000 	 604.30000 	 512.30000 	 500.40000 	 475.40000 	 136.40000 	 25.00000 	 2.30000 	 315.60000 	 668.00000 	 53.80000 	 -0.20000 	 -22.70000 	 0.20000 	 -172.30000 	 1.60000 	 -88.60000 	 23.60000 	 -0.80000 	 684.60000 	 67.20000 	 -69.90000 	 -110.50000 	 -91.60000 	 
 
167757.30000 	 1179.50000 	 669.20000 	 
581.70000 	 604.30000 	 513.00000 	 493.80000 	 482.20000 	 137.90000 	 25.00000 	 -0.10000 	 315.60000 	 668.00000 	 53.10000 	 -0.20000 	 -22.70000 	 0.10000 	 -172.30000 	 -0.80000 	 -89.70000 	 -0.00000 	 -3.30000 	 669.20000 	 63.70000 	 -98.00000 	 -114.00000 	 -89.60000 	 
 
167825.80000 	 1191.10000 	 665.00000 	 
581.70000 	 604.30000 	 514.20000 	 498.30000 	 478.90000 	 136.90000 	 25.00000 	 1.90000 	 317.00000 	 664.40000 	 50.10000 	 -0.20000 	 -22.70000 	 -0.10000 	 -171.10000 	 -0.10000 	 -89.00000 	 -0.70000 	 -2.60000 	 665.00000 	 67.90000 	 -95.60000 	 -114.70000 	 -89.50000 	 
 
167793.30000 	 1181.80000 	 668.40000 	 
581.70000 	 604.30000 	 514.20000 	 498.30000 	 476.80000 	 138.10000 	 25.00000 	 -0.00000 	 315.60000 	 668.00000 	 51.40000 	 -0.20000 	 -22.70000 	 -0.80000 	 -172.30000 	 -1.50000 	 -89.00000 	 -0.70000 	 -2.60000 	 668.40000 	 66.50000 	 -97.10000 	 -114.70000 	 -89.50000 	 
 
167809.30000 	 1180.20000 	 667.80000 	 
581.70000 	 604.30000 	 513.00000 	 498.30000 	 478.90000 	 138.10000 	 25.00000 	 -0.30000 	 315.60000 	 665.80000 	 53.50000 	 -0.20000 	 -23.00000 	 -0.30000 	 -172.30000 	 -0.00000 	 -89.00000 	 -0.90000 	 -4.00000 	 667.80000 	 66.50000 	 -97.10000 	 -114.70000 	 -89.50000 	 
 
167828.30000 	 1173.50000 	 669.20000 	 
581.70000 	 604.30000 	 513.00000 	 491.10000 	 484.30000 	 136.90000 	 25.00000 	 -0.80000 	 315.60000 	 668.00000 	 53.10000 	 -0.20000 	 -22.70000 	 0.30000 	 -172.30000 	 -0.10000 	 -89.00000 	 0.70000 	 -4.00000 	 669.20000 	 64.40000 	 -98.00000 	 -114.70000 	 -88.90000 	 
 
167840.80000 	 1172.10000 	 669.20000 	 
581.70000 	 604.30000 	 513.00000 	 491.10000 	 484.30000 	 135.70000 	 25.00000 	 -0.30000 	 315.60000 	 668.00000 	 53.80000 	 -0.20000 	 -22.70000 	 0.30000 	 -172.30000 	 -0.10000 	 -89.00000 	 0.70000 	 -4.00000 	 669.20000 	 64.40000 	 -98.00000 	 -114.70000 	 -88.90000 	 
 
167775.50000 	 1178.10000 	 669.20000 	 
581.70000 	 604.30000 	 513.00000 	 493.80000 	 482.20000 	 137.90000 	 25.00000 	 -0.10000 	 315.60000 	 668.00000 	 53.10000 	 -0.20000 	 -22.70000 	 0.10000 	 -172.30000 	 -0.80000 	 -89.70000 	 0.70000 	 -4.00000 	 669.20000 	 63.70000 	 -98.00000 	 -114.70000 	 -88.90000 	 
 
167881.10000 	 1172.40000 	 668.00000 	 
581.70000 	 604.30000 	 513.00000 	 500.10000 	 478.00000 	 135.00000 	 25.00000 	 -0.00000 	 315.60000 	 668.00000 	 55.50000 	 -0.20000 	 -22.70000 	 -0.30000 	 -172.60000 	 -0.30000 	 -89.60000 	 -0.50000 	 -3.10000 	 668.00000 	 66.60000 	 -100.80000 	 -114.00000 	 -89.30000 	 
 
169504.50000 	 1127.40000 	 684.60000 	 
581.70000 	 604.30000 	 513.00000 	 495.90000 	 476.80000 	 135.00000 	 25.00000 	 -10.60000 	 315.60000 	 667.10000 	 57.30000 	 -0.20000 	 -22.70000 	 0.40000 	 -172.30000 	 12.60000 	 -87.90000 	 -5.50000 	 -1.50000 	 684.60000 	 69.90000 	 -98.10000 	 -114.00000 	 -90.20000 	 
 
168809.40000 	 1156.70000 	 669.20000 	 
581.70000 	 604.30000 	 513.00000 	 486.30000 	 485.80000 	 135.00000 	 25.00000 	 1.00000 	 315.60000 	 667.10000 	 52.80000 	 -0.20000 	 -22.70000 	 4.00000 	 -172.30000 	 7.00000 	 -87.90000 	 -1.90000 	 -1.50000 	 669.20000 	 69.90000 	 -98.10000 	 -114.00000 	 -90.20000 	 
 
167999.40000 	 1170.60000 	 667.40000 	 
581.70000 	 604.30000 	 513.00000 	 500.40000 	 478.00000 	 135.00000 	 25.00000 	 -0.00000 	 315.60000 	 667.40000 	 52.80000 	 -0.20000 	 -22.70000 	 1.90000 	 -172.60000 	 -0.30000 	 -89.00000 	 -0.20000 	 -4.00000 	 667.30000 	 69.90000 	 -100.80000 	 -114.00000 	 -89.30000 	 
 
167915.30000 	 1172.40000 	 667.30000 	 
581.70000 	 604.30000 	 513.00000 	 500.40000 	 478.00000 	 135.00000 	 25.00000 	 -0.00000 	 315.60000 	 667.10000 	 55.50000 	 -0.20000 	 -22.70000 	 0.20000 	 -172.60000 	 -0.30000 	 -89.00000 	 -1.10000 	 -3.10000 	 667.30000 	 68.00000 	 -100.80000 	 -114.00000 	 -89.30000 	 
 
167892.20000 	 1173.00000 	 667.30000 	 
581.70000 	 604.30000 	 513.00000 	 500.40000 	 478.00000 	 135.00000 	 25.00000 	 -0.00000 	 315.60000 	 664.70000 	 57.30000 	 -0.20000 	 -22.70000 	 0.20000 	 -172.60000 	 -0.30000 	 -89.60000 	 -0.50000 	 -3.10000 	 667.30000 	 68.00000 	 -100.80000 	 -114.00000 	 -89.30000 	 
 
171163.70000 	 1107.00000 	 684.60000 	 
581.70000 	 604.30000 	 512.30000 	 500.10000 	 477.50000 	 135.00000 	 25.00000 	 -0.00000 	 315.60000 	 667.40000 	 53.80000 	 -0.20000 	 -22.70000 	 4.10000 	 -172.30000 	 8.40000 	 -87.90000 	 5.90000 	 -1.50000 	 684.60000 	 68.50000 	 -69.90000 	 -110.50000 	 -91.60000 	 
 
171034.70000 	 1114.80000 	 686.90000 	 
581.70000 	 604.30000 	 513.00000 	 484.90000 	 487.20000 	 135.70000 	 25.00000 	 0.70000 	 315.60000 	 666.50000 	 53.80000 	 -0.20000 	 -22.70000 	 4.10000 	 -172.30000 	 6.20000 	 -87.80000 	 20.20000 	 -4.00000 	 686.90000 	 69.90000 	 -98.10000 	 -114.70000 	 -89.50000 	 
 
169962.30000 	 1133.70000 	 675.00000 	 
581.70000 	 604.30000 	 513.00000 	 484.90000 	 487.20000 	 135.70000 	 25.00000 	 0.70000 	 315.60000 	 666.50000 	 53.80000 	 -0.20000 	 -22.70000 	 3.40000 	 -172.30000 	 6.90000 	 -87.80000 	 15.30000 	 -4.00000 	 675.00000 	 67.80000 	 -98.10000 	 -114.70000 	 -89.50000 	 
 
169644.50000 	 1137.20000 	 679.20000 	 
581.70000 	 604.30000 	 513.00000 	 484.90000 	 487.20000 	 135.70000 	 25.00000 	 0.70000 	 315.60000 	 666.50000 	 53.80000 	 -0.20000 	 -22.70000 	 2.70000 	 -172.30000 	 6.20000 	 -87.80000 	 9.00000 	 -4.00000 	 679.20000 	 67.80000 	 -98.10000 	 -114.70000 	 -89.50000 	 
 
166956.40000 	 1819.40000 	 653.20000 	 
471.30000 	 572.60000 	 513.50000 	 560.70000 	 563.10000 	 141.50000 	 24.40000 	 2.70000 	 366.70000 	 649.80000 	 6.10000 	 -1.40000 	 -1.50000 	 1.20000 	 -163.20000 	 4.80000 	 -82.70000 	 0.10000 	 1.50000 	 653.20000 	 10.70000 	 -64.50000 	 -114.70000 	 -89.50000 	 
 
167073.80000 	 1297.50000 	 730.00000 	 
570.60000 	 605.00000 	 519.80000 	 500.20000 	 485.40000 	 136.00000 	 25.00000 	 -0.00000 	 324.00000 	 667.40000 	 28.60000 	 -0.00000 	 -22.40000 	 0.10000 	 -173.00000 	 -1.20000 	 -103.90000 	 -0.30000 	 -4.90000 	 729.80000 	 1.70000 	 -67.20000 	 -114.30000 	 -89.30000 	 
 
167047.80000 	 1303.00000 	 704.00000 	 
570.90000 	 604.40000 	 514.20000 	 507.10000 	 482.00000 	 137.20000 	 25.00000 	 1.50000 	 324.00000 	 667.40000 	 38.70000 	 -0.20000 	 -17.00000 	 -0.10000 	 -172.30000 	 0.20000 	 -104.40000 	 0.10000 	 -1.40000 	 704.00000 	 6.90000 	 -67.80000 	 -113.70000 	 -89.30000 	 
 
167098.70000 	 1298.40000 	 704.20000 	 
571.90000 	 603.70000 	 515.10000 	 507.60000 	 480.30000 	 137.20000 	 25.00000 	 0.30000 	 324.00000 	 667.40000 	 39.90000 	 -1.10000 	 -15.70000 	 -0.10000 	 -172.30000 	 0.20000 	 -104.40000 	 0.70000 	 -2.60000 	 704.20000 	 6.90000 	 -68.10000 	 -113.40000 	 -89.30000 	 
 
167062.80000 	 1299.40000 	 704.60000 	 
570.90000 	 604.40000 	 514.20000 	 507.10000 	 482.00000 	 137.20000 	 25.00000 	 1.50000 	 324.00000 	 667.40000 	 39.90000 	 -1.10000 	 -17.30000 	 -0.10000 	 -172.30000 	 0.20000 	 -104.40000 	 0.10000 	 -2.00000 	 704.60000 	 6.90000 	 -67.80000 	 -113.70000 	 -89.30000 	 
 
167057.70000 	 1300.60000 	 704.00000 	 
570.90000 	 604.40000 	 514.20000 	 507.10000 	 482.00000 	 137.20000 	 25.00000 	 1.50000 	 324.00000 	 667.40000 	 39.90000 	 -1.10000 	 -17.30000 	 -0.10000 	 -172.30000 	 0.20000 	 -104.40000 	 0.10000 	 -1.40000 	 704.00000 	 6.90000 	 -67.80000 	 -113.70000 	 -89.30000 	 
 
167226.40000 	 1307.90000 	 664.60000 	 
571.60000 	 603.70000 	 514.20000 	 501.60000 	 489.00000 	 135.70000 	 25.00000 	 0.30000 	 326.80000 	 663.00000 	 48.30000 	 0.40000 	 -17.90000 	 1.30000 	 -172.30000 	 -0.00000 	 -91.20000 	 6.20000 	 -3.10000 	 664.60000 	 21.70000 	 -67.80000 	 -113.70000 	 -89.30000 	 
 
167261.20000 	 1307.30000 	 664.60000 	 
571.60000 	 603.70000 	 514.20000 	 501.60000 	 489.00000 	 135.70000 	 25.00000 	 0.30000 	 326.80000 	 663.00000 	 48.30000 	 0.40000 	 -17.90000 	 1.30000 	 -172.30000 	 -0.00000 	 -91.20000 	 6.20000 	 -3.10000 	 664.60000 	 22.30000 	 -67.80000 	 -113.70000 	 -89.30000 	 
 
167172.10000 	 1279.90000 	 671.90000 	 
576.90000 	 604.30000 	 514.20000 	 501.50000 	 482.90000 	 135.70000 	 25.00000 	 0.10000 	 320.50000 	 668.00000 	 45.40000 	 -0.20000 	 -17.90000 	 -0.00000 	 -172.30000 	 0.30000 	 -94.00000 	 0.70000 	 -0.50000 	 671.90000 	 26.20000 	 -67.90000 	 -114.00000 	 -89.90000 	 
 
167171.10000 	 1282.20000 	 671.90000 	 
576.90000 	 604.30000 	 514.20000 	 501.50000 	 482.90000 	 135.70000 	 25.00000 	 0.10000 	 320.50000 	 668.00000 	 45.10000 	 0.10000 	 -17.90000 	 0.20000 	 -172.30000 	 0.30000 	 -94.60000 	 0.40000 	 -0.50000 	 671.90000 	 26.20000 	 -67.20000 	 -114.00000 	 -89.60000 	 
 
167347.10000 	 1295.40000 	 664.00000 	 
579.00000 	 604.30000 	 515.10000 	 491.20000 	 489.90000 	 136.90000 	 25.00000 	 -0.00000 	 324.00000 	 663.30000 	 48.70000 	 4.20000 	 -17.90000 	 0.50000 	 -172.30000 	 0.30000 	 -92.50000 	 -0.00000 	 0.10000 	 664.00000 	 27.40000 	 -68.80000 	 -112.00000 	 -90.00000 	 
 
167414.90000 	 1296.50000 	 663.30000 	 
579.00000 	 604.30000 	 515.10000 	 499.00000 	 480.90000 	 138.10000 	 25.00000 	 0.60000 	 324.70000 	 663.30000 	 47.50000 	 4.90000 	 -17.90000 	 1.00000 	 -172.30000 	 0.50000 	 -92.20000 	 0.20000 	 -0.50000 	 663.00000 	 27.90000 	 -67.80000 	 -114.40000 	 -88.60000 	 
 
167374.70000 	 1297.80000 	 662.70000 	 
579.00000 	 604.30000 	 515.10000 	 499.00000 	 480.90000 	 138.10000 	 25.00000 	 0.60000 	 324.70000 	 662.60000 	 48.20000 	 4.90000 	 -17.90000 	 1.00000 	 -172.30000 	 0.50000 	 -92.20000 	 0.20000 	 -0.20000 	 662.70000 	 27.20000 	 -67.80000 	 -114.40000 	 -88.60000 	 
 
167179.90000 	 1271.70000 	 680.10000 	 
579.50000 	 605.00000 	 515.40000 	 497.40000 	 482.20000 	 136.30000 	 25.00000 	 0.10000 	 324.00000 	 664.50000 	 46.40000 	 -0.50000 	 -22.70000 	 -0.00000 	 -172.30000 	 -0.00000 	 -94.50000 	 -0.20000 	 -0.20000 	 680.10000 	 23.60000 	 -69.60000 	 -111.90000 	 -90.70000 	 
 
167186.50000 	 1271.10000 	 680.10000 	 
579.50000 	 605.00000 	 515.40000 	 497.40000 	 482.20000 	 136.30000 	 25.00000 	 0.10000 	 324.00000 	 664.50000 	 46.40000 	 -0.50000 	 -22.70000 	 -0.00000 	 -172.30000 	 0.30000 	 -94.80000 	 -0.20000 	 -0.20000 	 680.10000 	 23.60000 	 -69.60000 	 -111.90000 	 -90.70000 	 
 
167189.40000 	 1272.30000 	 674.90000 	 
580.50000 	 604.30000 	 514.80000 	 500.00000 	 479.90000 	 136.30000 	 25.00000 	 0.80000 	 319.80000 	 667.40000 	 42.20000 	 0.10000 	 -19.10000 	 -0.10000 	 -172.30000 	 0.20000 	 -93.60000 	 0.20000 	 -1.10000 	 674.90000 	 27.50000 	 -68.50000 	 -112.30000 	 -90.00000 	 
 
167251.70000 	 1270.90000 	 665.60000 	 
580.50000 	 604.30000 	 514.50000 	 501.00000 	 479.20000 	 136.30000 	 25.00000 	 0.80000 	 319.80000 	 665.60000 	 45.70000 	 0.10000 	 -19.10000 	 -0.10000 	 -171.60000 	 0.50000 	 -96.70000 	 0.40000 	 -1.10000 	 663.00000 	 41.00000 	 -69.20000 	 -112.30000 	 -90.70000 	 
 
166194.20000 	 1811.70000 	 667.00000 	 
478.60000 	 571.40000 	 513.40000 	 566.40000 	 563.40000 	 136.70000 	 24.40000 	 1.30000 	 354.80000 	 664.10000 	 -0.40000 	 1.70000 	 -1.70000 	 -0.10000 	 -166.30000 	 0.80000 	 -95.50000 	 2.50000 	 0.30000 	 667.00000 	 5.40000 	 -68.50000 	 -111.00000 	 -91.60000 	 
 
166219.20000 	 1811.40000 	 667.00000 	 
478.60000 	 571.40000 	 513.40000 	 566.40000 	 563.40000 	 136.70000 	 24.40000 	 1.60000 	 354.80000 	 664.10000 	 -0.40000 	 3.10000 	 -0.10000 	 -0.40000 	 -169.00000 	 0.80000 	 -95.50000 	 2.50000 	 0.30000 	 667.00000 	 5.40000 	 -68.50000 	 -111.00000 	 -91.60000 	 
 
166897.50000 	 1397.50000 	 700.90000 	 
559.70000 	 601.40000 	 513.90000 	 517.20000 	 491.50000 	 136.90000 	 24.40000 	 1.10000 	 328.90000 	 666.00000 	 21.30000 	 0.40000 	 -3.20000 	 0.40000 	 -174.40000 	 0.80000 	 -102.30000 	 0.20000 	 0.50000 	 700.90000 	 4.90000 	 -68.50000 	 -113.70000 	 -88.60000 	 
 
166924.50000 	 1371.50000 	 669.60000 	 
556.40000 	 604.00000 	 513.00000 	 508.10000 	 497.40000 	 136.90000 	 25.00000 	 -0.00000 	 328.20000 	 667.40000 	 37.50000 	 -0.00000 	 -6.40000 	 -0.00000 	 -173.00000 	 0.20000 	 -96.60000 	 0.10000 	 0.10000 	 669.60000 	 21.40000 	 -68.50000 	 -111.60000 	 -90.70000 	 
 
166942.20000 	 1365.90000 	 669.60000 	 
557.00000 	 604.00000 	 513.00000 	 504.80000 	 497.40000 	 137.50000 	 25.00000 	 1.90000 	 328.20000 	 667.40000 	 37.50000 	 -0.00000 	 -6.40000 	 -0.00000 	 -173.00000 	 0.20000 	 -96.60000 	 0.10000 	 0.10000 	 669.60000 	 21.40000 	 -68.50000 	 -111.60000 	 -90.70000 	 
 
166156.80000 	 1851.20000 	 663.10000 	 
472.00000 	 572.60000 	 512.80000 	 566.70000 	 563.10000 	 141.50000 	 24.40000 	 3.90000 	 363.20000 	 663.10000 	 -0.00000 	 -0.30000 	 -0.90000 	 -0.00000 	 -165.20000 	 -1.00000 	 -92.60000 	 -0.00000 	 -0.00000 	 661.80000 	 2.80000 	 -67.90000 	 -111.90000 	 -90.70000 	 
 
166261.80000 	 1850.60000 	 663.10000 	 
472.00000 	 572.60000 	 512.80000 	 566.70000 	 563.10000 	 141.50000 	 24.40000 	 3.90000 	 363.20000 	 663.10000 	 -0.00000 	 -0.30000 	 -0.90000 	 -0.00000 	 -165.20000 	 -1.00000 	 -92.60000 	 4.50000 	 -3.90000 	 661.50000 	 2.50000 	 -67.90000 	 -111.90000 	 -90.70000 	 
 
166092.10000 	 1777.90000 	 691.00000 	 
479.20000 	 570.80000 	 513.40000 	 566.40000 	 563.40000 	 136.70000 	 24.40000 	 1.10000 	 346.40000 	 668.10000 	 1.00000 	 -0.10000 	 -0.00000 	 -0.20000 	 -171.50000 	 -0.40000 	 -103.30000 	 -0.20000 	 -0.50000 	 690.70000 	 2.30000 	 -67.60000 	 -111.90000 	 -91.30000 	 
 
166718.20000 	 1586.70000 	 667.30000 	 
504.40000 	 593.60000 	 512.70000 	 530.00000 	 549.50000 	 137.80000 	 25.00000 	 1.70000 	 332.40000 	 667.30000 	 24.60000 	 0.30000 	 0.20000 	 -0.00000 	 -178.80000 	 1.90000 	 -92.90000 	 5.30000 	 0.80000 	 666.80000 	 9.70000 	 -67.10000 	 -114.40000 	 -89.30000 	 
 
166852.30000 	 1426.60000 	 701.40000 	 
546.50000 	 599.30000 	 519.20000 	 520.70000 	 492.90000 	 143.70000 	 24.40000 	 0.50000 	 328.90000 	 667.40000 	 22.80000 	 -0.00000 	 -3.50000 	 -1.50000 	 -173.70000 	 -0.70000 	 -104.70000 	 0.50000 	 0.30000 	 701.40000 	 7.00000 	 -66.20000 	 -114.70000 	 -89.90000 	 
 
166106.20000 	 1848.30000 	 666.40000 	 
471.30000 	 572.60000 	 514.10000 	 567.30000 	 563.10000 	 141.50000 	 24.40000 	 2.70000 	 363.20000 	 666.40000 	 0.10000 	 -0.50000 	 -0.00000 	 -0.50000 	 -168.20000 	 -0.40000 	 -101.90000 	 -0.30000 	 -0.00000 	 665.70000 	 7.10000 	 -68.80000 	 -111.30000 	 -90.70000 	 
 
166110.40000 	 1846.50000 	 666.40000 	 
471.30000 	 572.60000 	 514.10000 	 567.30000 	 563.10000 	 141.50000 	 24.40000 	 2.70000 	 363.20000 	 666.40000 	 0.10000 	 -1.10000 	 -0.00000 	 -0.50000 	 -167.60000 	 -0.40000 	 -101.90000 	 -0.30000 	 -0.30000 	 666.00000 	 7.10000 	 -68.80000 	 -111.30000 	 -90.70000 	 
 
166356.10000 	 1794.20000 	 667.60000 	 
478.60000 	 571.40000 	 513.40000 	 567.00000 	 562.80000 	 136.70000 	 24.40000 	 1.10000 	 354.80000 	 667.10000 	 0.20000 	 -3.60000 	 0.50000 	 -1.30000 	 -166.60000 	 1.10000 	 -93.20000 	 3.00000 	 -0.80000 	 667.60000 	 5.50000 	 -65.20000 	 -111.90000 	 -91.60000 	 
 
166106.10000 	 1839.30000 	 672.90000 	 
470.60000 	 572.70000 	 518.30000 	 568.50000 	 563.10000 	 136.70000 	 24.40000 	 2.70000 	 354.80000 	 666.40000 	 0.10000 	 0.10000 	 0.30000 	 -0.10000 	 -168.00000 	 -1.00000 	 -97.80000 	 0.30000 	 0.10000 	 672.90000 	 2.60000 	 -67.80000 	 -113.00000 	 -90.00000 	 
 
166165.20000 	 1805.20000 	 667.80000 	 
479.20000 	 571.40000 	 512.80000 	 566.70000 	 563.10000 	 136.70000 	 24.40000 	 1.30000 	 354.80000 	 667.80000 	 2.20000 	 -1.50000 	 0.10000 	 -1.60000 	 -168.90000 	 -0.00000 	 -95.20000 	 1.10000 	 0.40000 	 667.60000 	 5.30000 	 -68.20000 	 -113.70000 	 -88.60000 	 
 
166177.50000 	 1798.00000 	 667.80000 	 
479.20000 	 571.40000 	 512.80000 	 567.30000 	 562.50000 	 136.70000 	 24.40000 	 1.30000 	 354.80000 	 667.80000 	 2.50000 	 -3.20000 	 -0.30000 	 -0.40000 	 -168.30000 	 0.30000 	 -97.30000 	 2.90000 	 0.40000 	 667.60000 	 5.30000 	 -68.20000 	 -113.70000 	 -88.60000 	 
 
166175.10000 	 1798.60000 	 667.80000 	 
479.20000 	 571.40000 	 512.80000 	 566.70000 	 563.10000 	 136.70000 	 24.40000 	 1.30000 	 354.80000 	 667.80000 	 2.20000 	 -2.90000 	 -0.30000 	 -0.40000 	 -168.30000 	 0.30000 	 -97.30000 	 2.90000 	 0.40000 	 667.60000 	 5.30000 	 -68.20000 	 -113.70000 	 -88.60000 	 
 
166329.80000 	 1796.90000 	 668.20000 	 
472.00000 	 572.60000 	 514.00000 	 567.30000 	 562.50000 	 141.50000 	 24.40000 	 1.30000 	 354.80000 	 667.10000 	 2.70000 	 0.50000 	 0.50000 	 -0.00000 	 -171.80000 	 0.20000 	 -92.60000 	 1.10000 	 0.20000 	 668.20000 	 4.80000 	 -68.80000 	 -111.30000 	 -90.70000 	 
 
166142.20000 	 1807.00000 	 667.40000 	 
477.90000 	 572.10000 	 513.40000 	 566.40000 	 563.40000 	 136.70000 	 24.40000 	 1.10000 	 354.80000 	 665.30000 	 2.10000 	 0.20000 	 0.10000 	 -0.30000 	 -167.20000 	 0.20000 	 -96.20000 	 1.00000 	 0.10000 	 667.40000 	 5.40000 	 -68.80000 	 -110.70000 	 -91.60000 	 
 
166429.60000 	 1640.80000 	 672.90000 	 
487.00000 	 591.40000 	 509.80000 	 548.60000 	 555.00000 	 137.50000 	 24.40000 	 1.10000 	 338.00000 	 666.30000 	 13.30000 	 -0.00000 	 0.30000 	 0.20000 	 -172.10000 	 1.00000 	 -95.90000 	 2.60000 	 -0.00000 	 672.90000 	 8.40000 	 -67.80000 	 -114.40000 	 -88.60000 	 
 
166366.00000 	 1655.20000 	 672.90000 	 
487.00000 	 588.30000 	 509.90000 	 553.40000 	 555.00000 	 135.70000 	 24.40000 	 1.10000 	 338.00000 	 671.70000 	 11.80000 	 -0.00000 	 0.10000 	 0.20000 	 -172.50000 	 1.00000 	 -95.60000 	 0.30000 	 1.50000 	 672.90000 	 5.00000 	 -67.80000 	 -113.70000 	 -89.30000 	 
 
166097.80000 	 1853.90000 	 667.10000 	 
471.60000 	 573.50000 	 512.90000 	 567.90000 	 562.50000 	 141.50000 	 24.40000 	 2.70000 	 363.20000 	 667.10000 	 0.10000 	 0.20000 	 -0.00000 	 -0.70000 	 -168.00000 	 -0.30000 	 -97.00000 	 -0.00000 	 -0.10000 	 663.60000 	 2.60000 	 -68.80000 	 -111.30000 	 -90.70000 	 
 
166099.90000 	 1852.50000 	 667.10000 	 
471.30000 	 573.80000 	 512.90000 	 567.30000 	 563.10000 	 141.50000 	 24.40000 	 2.70000 	 363.20000 	 667.10000 	 0.10000 	 0.10000 	 -0.60000 	 -0.70000 	 -168.00000 	 -1.00000 	 -95.60000 	 -0.00000 	 -0.10000 	 663.60000 	 2.60000 	 -68.80000 	 -111.30000 	 -90.70000 	 
 
166126.40000 	 1857.70000 	 665.70000 	 
471.30000 	 572.00000 	 514.10000 	 568.20000 	 562.80000 	 141.50000 	 24.40000 	 2.70000 	 363.20000 	 665.70000 	 0.10000 	 0.20000 	 -0.60000 	 0.20000 	 -168.30000 	 -0.10000 	 -93.80000 	 1.40000 	 -0.30000 	 663.10000 	 0.50000 	 -68.80000 	 -111.90000 	 -90.70000 	 
 
166131.80000 	 1845.70000 	 665.70000 	 
471.30000 	 572.60000 	 514.10000 	 567.90000 	 562.50000 	 141.50000 	 24.40000 	 2.70000 	 363.20000 	 665.70000 	 5.00000 	 -0.70000 	 -4.70000 	 -0.00000 	 -168.00000 	 -1.30000 	 -92.00000 	 0.20000 	 -0.30000 	 662.20000 	 1.70000 	 -68.50000 	 -111.90000 	 -90.70000 	 
 
166133.50000 	 1850.50000 	 664.20000 	 
471.30000 	 572.60000 	 512.90000 	 567.00000 	 563.40000 	 142.70000 	 24.40000 	 2.70000 	 363.20000 	 664.20000 	 0.20000 	 -1.40000 	 0.30000 	 0.20000 	 -168.00000 	 0.20000 	 -94.70000 	 0.40000 	 -0.00000 	 663.40000 	 2.90000 	 -66.60000 	 -114.00000 	 -90.20000 	 
 
166125.50000 	 1757.50000 	 686.20000 	 
477.90000 	 575.10000 	 513.40000 	 571.20000 	 555.60000 	 136.70000 	 24.40000 	 1.30000 	 345.70000 	 668.70000 	 1.50000 	 0.50000 	 -0.20000 	 -0.00000 	 -174.90000 	 -0.20000 	 -100.50000 	 0.60000 	 -0.10000 	 686.20000 	 4.80000 	 -68.20000 	 -111.90000 	 -90.70000 	 
 
166321.80000 	 1650.10000 	 684.90000 	 
486.30000 	 592.10000 	 512.80000 	 546.70000 	 555.70000 	 136.00000 	 24.40000 	 1.40000 	 337.30000 	 667.00000 	 9.20000 	 0.10000 	 2.00000 	 0.10000 	 -178.60000 	 0.50000 	 -98.70000 	 -0.00000 	 0.20000 	 684.90000 	 9.10000 	 -67.80000 	 -114.40000 	 -88.60000 	 
 
166143.80000 	 1798.70000 	 684.00000 	 
472.30000 	 572.30000 	 514.00000 	 566.70000 	 563.10000 	 141.50000 	 24.40000 	 1.30000 	 351.30000 	 668.10000 	 1.00000 	 -0.70000 	 0.30000 	 0.10000 	 -172.10000 	 1.00000 	 -106.20000 	 0.40000 	 -0.00000 	 683.30000 	 6.00000 	 -68.20000 	 -111.90000 	 -90.70000 	 
 
166093.90000 	 1777.30000 	 692.00000 	 
479.20000 	 570.80000 	 513.40000 	 566.40000 	 563.40000 	 136.70000 	 24.40000 	 1.10000 	 346.40000 	 668.10000 	 1.00000 	 -0.10000 	 -0.00000 	 -0.20000 	 -171.50000 	 -0.40000 	 -103.30000 	 -0.20000 	 -0.80000 	 691.00000 	 2.30000 	 -67.60000 	 -111.90000 	 -91.30000 	 
 
166125.40000 	 1774.90000 	 694.00000 	 
479.20000 	 570.80000 	 513.40000 	 566.40000 	 563.40000 	 136.70000 	 24.40000 	 1.10000 	 346.40000 	 668.10000 	 1.00000 	 0.50000 	 -0.30000 	 -0.20000 	 -172.10000 	 -0.10000 	 -102.10000 	 -1.40000 	 -2.60000 	 693.10000 	 2.00000 	 -67.60000 	 -111.90000 	 -91.30000 	 
 
166122.00000 	 1773.90000 	 697.00000 	 
479.20000 	 570.80000 	 513.40000 	 566.40000 	 563.40000 	 136.70000 	 24.40000 	 1.10000 	 346.40000 	 668.10000 	 1.00000 	 -0.10000 	 -0.00000 	 -0.20000 	 -171.50000 	 -0.20000 	 -105.30000 	 -0.20000 	 -1.70000 	 696.70000 	 0.50000 	 -66.90000 	 -115.20000 	 -89.90000 	 
 
166158.20000 	 1780.70000 	 682.90000 	 
477.90000 	 572.10000 	 513.40000 	 566.40000 	 563.40000 	 136.70000 	 24.40000 	 1.10000 	 346.40000 	 668.40000 	 0.40000 	 -0.00000 	 -0.50000 	 0.10000 	 -172.70000 	 -1.30000 	 -96.50000 	 -0.00000 	 -0.40000 	 682.90000 	 6.70000 	 -67.50000 	 -114.30000 	 -89.60000 	 
 
166223.80000 	 1782.30000 	 682.70000 	 
478.60000 	 571.40000 	 513.40000 	 566.40000 	 563.40000 	 136.70000 	 24.40000 	 1.10000 	 346.40000 	 668.60000 	 0.40000 	 -0.40000 	 -1.80000 	 0.40000 	 -171.30000 	 -0.10000 	 -97.20000 	 3.30000 	 0.30000 	 682.70000 	 2.80000 	 -67.50000 	 -114.90000 	 -89.60000 	 
 
166344.00000 	 1800.00000 	 667.70000 	 
478.90000 	 571.10000 	 513.40000 	 566.70000 	 563.10000 	 136.70000 	 24.40000 	 1.10000 	 354.20000 	 666.50000 	 1.10000 	 1.20000 	 -1.30000 	 0.20000 	 -169.00000 	 0.50000 	 -93.20000 	 3.10000 	 0.10000 	 667.70000 	 4.60000 	 -68.50000 	 -111.30000 	 -90.70000 	 
 
166249.80000 	 1768.50000 	 669.60000 	 
478.60000 	 571.40000 	 513.40000 	 566.40000 	 563.40000 	 136.70000 	 24.40000 	 1.10000 	 346.40000 	 669.60000 	 -1.10000 	 -1.70000 	 -1.10000 	 -0.60000 	 -168.70000 	 2.70000 	 -88.90000 	 0.80000 	 -0.40000 	 668.40000 	 7.50000 	 -68.80000 	 -111.30000 	 -90.70000 	 
 
166230.70000 	 1718.70000 	 687.90000 	 
485.80000 	 579.20000 	 511.00000 	 564.80000 	 552.20000 	 136.30000 	 24.40000 	 1.10000 	 345.70000 	 668.60000 	 0.90000 	 -0.00000 	 -1.90000 	 -0.60000 	 -170.70000 	 -0.40000 	 -99.60000 	 -1.40000 	 -0.00000 	 687.90000 	 5.20000 	 -68.50000 	 -111.00000 	 -91.30000 	 
 
166242.40000 	 1717.50000 	 687.90000 	 
485.80000 	 579.20000 	 512.20000 	 566.00000 	 549.80000 	 136.30000 	 24.40000 	 1.10000 	 345.70000 	 668.60000 	 0.90000 	 -0.60000 	 -1.00000 	 -0.90000 	 -170.70000 	 -0.40000 	 -99.60000 	 -2.00000 	 -0.00000 	 687.90000 	 5.80000 	 -68.50000 	 -111.00000 	 -91.30000 	 
 
166243.40000 	 1675.70000 	 692.10000 	 
486.40000 	 582.80000 	 514.80000 	 552.00000 	 552.50000 	 137.20000 	 27.70000 	 1.40000 	 341.50000 	 670.50000 	 3.60000 	 -0.10000 	 -0.60000 	 0.60000 	 -178.90000 	 -1.30000 	 -101.20000 	 1.70000 	 -0.10000 	 692.10000 	 5.10000 	 -66.90000 	 -114.70000 	 -89.20000 	 
 
166490.60000 	 1656.50000 	 672.00000 	 
482.80000 	 587.70000 	 515.40000 	 551.20000 	 554.40000 	 136.90000 	 24.40000 	 1.10000 	 342.90000 	 670.00000 	 10.40000 	 -0.40000 	 -1.10000 	 0.50000 	 -175.10000 	 -0.50000 	 -96.10000 	 -0.40000 	 -0.10000 	 672.00000 	 15.00000 	 -65.50000 	 -111.60000 	 -91.60000 	 
 
166511.60000 	 1654.30000 	 671.70000 	 
482.80000 	 587.70000 	 515.40000 	 551.20000 	 554.40000 	 136.90000 	 24.40000 	 1.10000 	 342.90000 	 670.00000 	 11.80000 	 -0.40000 	 -1.10000 	 -0.90000 	 -175.10000 	 -0.50000 	 -96.10000 	 1.00000 	 -1.20000 	 671.70000 	 15.00000 	 -65.50000 	 -111.60000 	 -91.60000 	 
 
166268.30000 	 1652.30000 	 698.10000 	 
486.40000 	 590.70000 	 512.30000 	 554.50000 	 547.90000 	 138.10000 	 24.40000 	 1.10000 	 338.00000 	 670.40000 	 1.60000 	 -0.00000 	 0.20000 	 0.10000 	 -182.00000 	 -0.40000 	 -99.40000 	 1.50000 	 0.10000 	 698.10000 	 4.90000 	 -67.80000 	 -114.40000 	 -88.60000 	 
 
166421.10000 	 1654.90000 	 678.10000 	 
486.40000 	 589.50000 	 515.40000 	 547.30000 	 554.40000 	 136.30000 	 24.40000 	 1.10000 	 338.00000 	 671.40000 	 4.90000 	 0.70000 	 0.10000 	 1.50000 	 -173.60000 	 0.60000 	 -100.40000 	 7.40000 	 2.10000 	 678.10000 	 3.10000 	 -68.80000 	 -112.00000 	 -90.00000 	 
 
166270.70000 	 1656.30000 	 690.90000 	 
485.70000 	 590.00000 	 513.00000 	 557.30000 	 545.80000 	 138.10000 	 24.40000 	 1.10000 	 338.70000 	 671.40000 	 3.70000 	 1.20000 	 0.10000 	 0.60000 	 -181.50000 	 0.10000 	 -101.40000 	 -0.00000 	 0.20000 	 690.90000 	 9.10000 	 -67.80000 	 -113.70000 	 -89.30000 	 
 
166244.00000 	 1658.30000 	 673.40000 	 
486.10000 	 585.70000 	 513.00000 	 551.00000 	 553.80000 	 140.00000 	 24.40000 	 1.30000 	 339.10000 	 665.20000 	 11.10000 	 0.40000 	 0.90000 	 -0.00000 	 -172.70000 	 0.20000 	 -93.60000 	 0.10000 	 -0.00000 	 673.40000 	 8.30000 	 -68.10000 	 -113.40000 	 -89.30000 	 
 
166623.50000 	 1661.40000 	 664.90000 	 
486.40000 	 585.40000 	 511.80000 	 551.90000 	 554.40000 	 140.00000 	 24.40000 	 1.10000 	 339.40000 	 664.90000 	 10.00000 	 3.20000 	 0.40000 	 0.30000 	 -173.30000 	 0.40000 	 -99.30000 	 5.20000 	 1.20000 	 663.60000 	 21.20000 	 -67.80000 	 -114.40000 	 -88.60000 	 
 
166603.20000 	 1656.40000 	 669.40000 	 
486.40000 	 587.20000 	 511.80000 	 548.60000 	 555.00000 	 140.00000 	 24.40000 	 1.10000 	 339.40000 	 669.40000 	 9.60000 	 0.20000 	 0.20000 	 -0.00000 	 -174.50000 	 0.40000 	 -97.80000 	 5.20000 	 0.20000 	 665.30000 	 20.50000 	 -67.80000 	 -114.40000 	 -88.60000 	 
 
166242.70000 	 1743.20000 	 679.70000 	 
479.70000 	 577.50000 	 514.90000 	 569.50000 	 551.40000 	 136.60000 	 24.40000 	 0.80000 	 345.70000 	 669.70000 	 -0.50000 	 0.40000 	 0.90000 	 -1.50000 	 -171.00000 	 -1.10000 	 -94.20000 	 0.20000 	 0.50000 	 679.70000 	 5.40000 	 -68.50000 	 -111.60000 	 -90.70000 	 
 
