94214.90000 	 141.00000 	 102.00000 	 5.89433 	 -0.57380 	 -2.40211 	 
95264.00000 	 296.00000 	 102.00000 	 5.74340 	 -0.53183 	 -2.17940 	 
94793.90000 	 149.00000 	 102.00000 	 6.04769 	 -0.57634 	 -2.15139 	 
95343.80000 	 1254.00000 	 60.00000 	 10.52685 	 -0.68510 	 0.92722 	 
96274.10000 	 1050.00000 	 97.40000 	 7.42907 	 -0.54677 	 -2.18266 	 
97819.70000 	 1269.00000 	 82.00000 	 2.80562 	 -0.55415 	 -1.14752 	 
98144.60000 	 1204.00000 	 72.50000 	 5.21330 	 -0.63311 	 -0.28589 	 
99741.50000 	 1246.00000 	 68.00000 	 5.14314 	 -0.63031 	 0.22564 	 
98745.50000 	 1162.00000 	 68.30000 	 4.80200 	 -0.55411 	 0.17348 	 
100317.20000 	 1124.00000 	 67.00000 	 3.40625 	 -0.63011 	 0.35087 	 
98321.00000 	 1242.00000 	 63.80000 	 7.78811 	 -0.61691 	 0.71911 	 
99102.20000 	 1216.00000 	 63.50000 	 7.91273 	 -0.63457 	 0.60549 	 
100336.10000 	 1363.00000 	 62.00000 	 5.82767 	 -0.69999 	 0.80054 	 
102332.00000 	 1530.00000 	 61.10000 	 7.40576 	 -0.58835 	 1.08199 	 
101427.80000 	 1387.00000 	 60.80000 	 7.88652 	 -0.63302 	 0.69913 	 
99496.10000 	 1673.00000 	 60.60000 	 6.06558 	 -0.63803 	 0.97669 	 
99894.80000 	 1244.00000 	 60.50000 	 8.87938 	 -0.65919 	 1.05004 	 
94100.00000 	 1124.00000 	 60.20000 	 11.54984 	 -0.64678 	 1.04847 	 
94870.70000 	 280.00000 	 102.00000 	 4.96622 	 -0.55888 	 -2.12233 	 
94267.40000 	 141.00000 	 102.00000 	 5.47029 	 -0.57403 	 -2.10711 	 
95022.20000 	 171.00000 	 102.00000 	 5.43388 	 -0.56897 	 -2.10600 	 
97108.70000 	 354.00000 	 102.00000 	 5.40279 	 -0.50638 	 -2.18516 	 
96596.30000 	 1466.00000 	 60.00000 	 9.52072 	 -0.68558 	 1.04554 	 
97378.70000 	 1166.00000 	 82.00000 	 2.82479 	 -0.48499 	 -1.14752 	 
99104.40000 	 1260.00000 	 68.50000 	 8.83882 	 -0.56689 	 0.17288 	 
96442.10000 	 1123.00000 	 65.40000 	 6.28075 	 -0.68564 	 0.52564 	 
97417.70000 	 1236.00000 	 64.10000 	 5.56838 	 -0.69263 	 0.68517 	 
96575.30000 	 1139.00000 	 63.80000 	 4.84643 	 -0.66106 	 0.72346 	 
98990.00000 	 1178.00000 	 63.50000 	 10.89874 	 -0.62155 	 0.74662 	 
102100.70000 	 1104.00000 	 62.30000 	 6.27709 	 -0.66646 	 0.55299 	 
98389.40000 	 1284.00000 	 61.80000 	 7.55615 	 -0.65185 	 0.76925 	 
101556.80000 	 1203.00000 	 61.10000 	 7.70485 	 -0.58736 	 1.01799 	 
99077.60000 	 1581.00000 	 60.50000 	 6.39305 	 -0.56710 	 1.17081 	 
100209.20000 	 1477.00000 	 60.40000 	 6.30362 	 -0.58366 	 1.12766 	 
101346.50000 	 1399.00000 	 60.30000 	 8.27271 	 -0.62753 	 1.05658 	 
101131.40000 	 1500.00000 	 60.30000 	 8.00242 	 -0.61609 	 0.92188 	 
98535.50000 	 1440.00000 	 60.30000 	 7.71086 	 -0.64913 	 1.05409 	 
101102.10000 	 1648.00000 	 60.20000 	 8.08060 	 -0.60325 	 0.79677 	 
94328.00000 	 152.00000 	 95.40000 	 5.51839 	 -0.58020 	 -1.73126 	 
94245.80000 	 143.00000 	 100.80000 	 5.77105 	 -0.57140 	 -2.03368 	 
94790.60000 	 160.00000 	 95.40000 	 5.33047 	 -0.57013 	 -1.81874 	 
86201.90000 	 680.00000 	 92.00000 	 4.81019 	 -0.53095 	 -2.08885 	 
86232.20000 	 700.00000 	 92.00000 	 4.80584 	 -0.53022 	 -2.08885 	 
95926.10000 	 189.00000 	 102.00000 	 5.81804 	 -0.57464 	 -2.13532 	 
86222.90000 	 630.00000 	 95.00000 	 4.83158 	 -0.53047 	 -2.20692 	 
86239.10000 	 622.00000 	 95.00000 	 4.85157 	 -0.53171 	 -2.20692 	 
86450.60000 	 600.00000 	 95.00000 	 4.49416 	 -0.54460 	 -2.20692 	 
86332.10000 	 548.00000 	 95.00000 	 5.03985 	 -0.56014 	 -2.03604 	 
86390.60000 	 530.00000 	 95.00000 	 5.02864 	 -0.55973 	 -2.00788 	 
86337.80000 	 546.00000 	 95.00000 	 4.99158 	 -0.56013 	 -2.03604 	 
86384.30000 	 528.00000 	 95.00000 	 5.07901 	 -0.55964 	 -1.98073 	 
86365.40000 	 570.00000 	 95.00000 	 5.03641 	 -0.55404 	 -2.07145 	 
86207.00000 	 710.00000 	 86.00000 	 4.80083 	 -0.53235 	 -1.78283 	 
86274.80000 	 690.00000 	 88.70000 	 4.36123 	 -0.52568 	 -2.00731 	 
86268.80000 	 694.00000 	 92.00000 	 4.82199 	 -0.53377 	 -2.16425 	 
86209.70000 	 710.00000 	 86.00000 	 4.80098 	 -0.53263 	 -1.78283 	 
86297.60000 	 708.00000 	 86.00000 	 4.47873 	 -0.53211 	 -1.78283 	 
86221.10000 	 630.00000 	 95.00000 	 4.83327 	 -0.53283 	 -2.20692 	 
86323.70000 	 607.00000 	 95.00000 	 4.88959 	 -0.53303 	 -2.20692 	 
86236.70000 	 630.00000 	 95.00000 	 4.82748 	 -0.52725 	 -2.20692 	 
86243.30000 	 620.00000 	 95.00000 	 4.91535 	 -0.53633 	 -2.20692 	 
86233.70000 	 622.00000 	 95.00000 	 4.85307 	 -0.53325 	 -2.20692 	 
86239.70000 	 620.00000 	 95.00000 	 4.92222 	 -0.54098 	 -2.20692 	 
86226.80000 	 630.00000 	 95.00000 	 4.84466 	 -0.53596 	 -2.20692 	 
86554.10000 	 600.00000 	 95.00000 	 4.89906 	 -0.51754 	 -2.31781 	 
86325.50000 	 550.00000 	 95.00000 	 5.05149 	 -0.56183 	 -2.03604 	 
86363.60000 	 550.00000 	 95.00000 	 4.97022 	 -0.54411 	 -2.04139 	 
86309.60000 	 560.00000 	 95.00000 	 4.97881 	 -0.55276 	 -2.04139 	 
86383.70000 	 538.00000 	 95.00000 	 5.04604 	 -0.55231 	 -2.03604 	 
86329.70000 	 548.00000 	 95.00000 	 5.05494 	 -0.56106 	 -2.03604 	 
86211.50000 	 710.00000 	 86.00000 	 4.81847 	 -0.53603 	 -1.78283 	 
86221.10000 	 630.00000 	 95.00000 	 4.85679 	 -0.53374 	 -2.20692 	 
86277.80000 	 630.00000 	 95.00000 	 4.84361 	 -0.53708 	 -2.20692 	 
86282.60000 	 630.00000 	 95.00000 	 4.84209 	 -0.53471 	 -2.20692 	 
86471.60000 	 550.00000 	 91.40000 	 4.67649 	 -0.54742 	 -1.77949 	 
86354.00000 	 546.00000 	 95.00000 	 5.00675 	 -0.56235 	 -2.03604 	 
86348.30000 	 548.00000 	 95.00000 	 5.07457 	 -0.56313 	 -2.03604 	 
86326.10000 	 554.00000 	 95.00000 	 5.04604 	 -0.56004 	 -2.03604 	 
96112.70000 	 263.00000 	 102.00000 	 17.66810 	 -0.60860 	 -2.13829 	 
86207.60000 	 650.00000 	 95.00000 	 4.82675 	 -0.52746 	 -2.26871 	 
86243.60000 	 642.00000 	 95.00000 	 4.84961 	 -0.52515 	 -2.26871 	 
86222.60000 	 640.00000 	 95.00000 	 4.89884 	 -0.54203 	 -2.26871 	 
86211.50000 	 650.00000 	 95.00000 	 4.83981 	 -0.53289 	 -2.26871 	 
86256.20000 	 642.00000 	 95.00000 	 4.82866 	 -0.52886 	 -2.26871 	 
86206.40000 	 680.00000 	 92.00000 	 4.83374 	 -0.53485 	 -2.08885 	 
86216.30000 	 682.00000 	 92.00000 	 4.83381 	 -0.53546 	 -2.08885 	 
86256.50000 	 679.00000 	 92.00000 	 4.81347 	 -0.52587 	 -2.08885 	 
86205.80000 	 650.00000 	 95.00000 	 4.85191 	 -0.53070 	 -2.26871 	 
86291.60000 	 622.00000 	 89.00000 	 4.88171 	 -0.52345 	 -1.92028 	 
86251.40000 	 620.00000 	 95.00000 	 4.90943 	 -0.54174 	 -2.20692 	 
86241.80000 	 622.00000 	 95.00000 	 4.85352 	 -0.53622 	 -2.20692 	 
86358.50000 	 622.00000 	 95.00000 	 4.89497 	 -0.54574 	 -2.20692 	 
86202.80000 	 660.00000 	 92.00000 	 4.82048 	 -0.53443 	 -2.06334 	 
95375.90000 	 257.00000 	 107.00000 	 5.66006 	 -0.56915 	 -2.40520 	 
