19156.40000 	 921.00000 	 32.70000 	 
1.00000 	 31.20000 	 32.70000 	 32.70000 	 31.00000 	 29.60000 	 29.60000 	 25.80000 	 27.60000 	 31.00000 	 29.00000 	 22.00000 	 -1.00000 	 3.60000 	 -20.00000 	 5.00000 	 -8.50000 	 6.00000 	 8.00000 	 -8.00000 	 25.50000 	 -11.00000 	 22.00000 	 -10.00000 	 
 
18827.90000 	 852.00000 	 34.00000 	 
22.00000 	 33.00000 	 29.40000 	 32.40000 	 34.00000 	 33.50000 	 28.10000 	 23.10000 	 21.00000 	 31.00000 	 15.50000 	 26.50000 	 14.00000 	 15.60000 	 -20.00000 	 5.00000 	 -8.50000 	 18.00000 	 -4.00000 	 -8.00000 	 16.50000 	 -20.00000 	 7.00000 	 -4.00000 	 
 
18913.90000 	 1022.00000 	 31.80000 	 
-23.00000 	 31.50000 	 31.80000 	 31.80000 	 31.00000 	 26.00000 	 24.20000 	 31.80000 	 27.00000 	 28.00000 	 23.00000 	 9.40000 	 21.50000 	 10.20000 	 -20.00000 	 5.00000 	 -8.50000 	 6.00000 	 8.00000 	 -8.00000 	 6.00000 	 1.00000 	 28.00000 	 -10.00000 	 
 
17873.60000 	 1023.00000 	 34.20000 	 
-5.00000 	 31.50000 	 34.20000 	 32.10000 	 29.20000 	 20.00000 	 28.10000 	 29.40000 	 29.10000 	 29.50000 	 14.00000 	 5.80000 	 5.00000 	 22.80000 	 -23.00000 	 29.00000 	 -8.50000 	 18.00000 	 -4.00000 	 -4.40000 	 16.50000 	 -20.00000 	 -29.00000 	 -10.00000 	 
 
20143.10000 	 919.00000 	 33.30000 	 
31.00000 	 33.30000 	 31.20000 	 32.10000 	 30.40000 	 20.00000 	 28.10000 	 29.40000 	 29.10000 	 29.50000 	 5.00000 	 13.00000 	 4.70000 	 16.80000 	 -12.50000 	 29.00000 	 -8.50000 	 17.40000 	 -1.00000 	 -8.00000 	 16.50000 	 -5.00000 	 -2.00000 	 -4.00000 	 
 
20160.50000 	 919.00000 	 33.00000 	 
31.00000 	 33.00000 	 31.20000 	 32.40000 	 31.90000 	 21.50000 	 25.10000 	 29.40000 	 29.10000 	 29.50000 	 5.00000 	 13.00000 	 4.70000 	 16.80000 	 -12.50000 	 29.00000 	 -8.50000 	 17.40000 	 -1.00000 	 -8.00000 	 16.50000 	 -5.00000 	 -2.00000 	 -4.00000 	 
 
18675.20000 	 933.00000 	 32.20000 	 
-5.00000 	 31.50000 	 31.20000 	 32.10000 	 32.20000 	 20.00000 	 28.10000 	 29.40000 	 29.10000 	 29.50000 	 5.00000 	 17.80000 	 2.00000 	 22.80000 	 -23.00000 	 29.00000 	 -8.50000 	 18.00000 	 -4.00000 	 -4.40000 	 16.50000 	 -5.00000 	 -8.00000 	 -10.00000 	 
 
18120.90000 	 941.00000 	 32.10000 	 
1.00000 	 31.80000 	 31.20000 	 32.10000 	 31.90000 	 20.00000 	 28.10000 	 29.40000 	 29.10000 	 29.50000 	 17.00000 	 3.40000 	 0.20000 	 22.20000 	 -12.50000 	 5.00000 	 -8.50000 	 12.00000 	 20.00000 	 -4.40000 	 16.50000 	 -5.00000 	 -8.00000 	 -7.00000 	 
 
18981.50000 	 958.00000 	 32.00000 	 
31.00000 	 31.80000 	 30.90000 	 31.80000 	 31.00000 	 32.00000 	 31.10000 	 30.00000 	 31.80000 	 29.50000 	 -2.20000 	 22.60000 	 5.30000 	 3.00000 	 -24.20000 	 13.40000 	 -1.00000 	 12.00000 	 1.10000 	 -19.40000 	 28.50000 	 10.00000 	 -8.00000 	 -10.00000 	 
 
18250.50000 	 911.00000 	 34.00000 	 
-8.00000 	 33.00000 	 31.50000 	 31.20000 	 34.00000 	 29.60000 	 26.00000 	 18.00000 	 30.00000 	 31.00000 	 8.90000 	 8.80000 	 12.80000 	 4.80000 	 -12.20000 	 5.00000 	 -23.50000 	 20.40000 	 -1.00000 	 -4.40000 	 18.00000 	 12.10000 	 7.00000 	 -10.00000 	 
 
19248.30000 	 969.00000 	 31.90000 	 
1.00000 	 31.50000 	 31.20000 	 31.80000 	 31.90000 	 29.60000 	 29.60000 	 27.90000 	 21.00000 	 29.50000 	 14.00000 	 16.00000 	 -1.00000 	 -0.00000 	 -0.50000 	 5.00000 	 -17.50000 	 18.00000 	 11.00000 	 -8.00000 	 30.60000 	 7.00000 	 2.20000 	 -10.00000 	 
 
20415.80000 	 830.00000 	 33.90000 	 
31.00000 	 28.20000 	 33.90000 	 33.60000 	 31.00000 	 26.00000 	 23.00000 	 22.80000 	 33.60000 	 31.00000 	 11.60000 	 10.00000 	 17.30000 	 11.40000 	 -33.20000 	 29.00000 	 -4.30000 	 17.40000 	 -4.00000 	 -0.20000 	 24.00000 	 -5.00000 	 -8.00000 	 -10.60000 	 
 
21368.00000 	 855.00000 	 33.60000 	 
31.00000 	 33.60000 	 30.00000 	 31.20000 	 33.40000 	 26.00000 	 23.00000 	 22.80000 	 33.60000 	 31.00000 	 9.20000 	 25.90000 	 11.00000 	 12.00000 	 -17.00000 	 -31.00000 	 -8.50000 	 18.00000 	 -4.00000 	 15.40000 	 33.00000 	 -5.00000 	 28.00000 	 -10.00000 	 
 
18100.50000 	 1041.00000 	 31.80000 	 
4.00000 	 31.80000 	 31.50000 	 31.80000 	 31.00000 	 29.60000 	 25.40000 	 29.70000 	 30.00000 	 31.00000 	 7.10000 	 -8.00000 	 23.00000 	 -3.00000 	 -1.40000 	 5.00000 	 -8.50000 	 6.00000 	 -4.00000 	 -8.00000 	 30.00000 	 7.00000 	 -29.00000 	 -10.00000 	 
 
14873.50000 	 267.00000 	 66.70000 	 
1.00000 	 58.80000 	 66.00000 	 39.00000 	 24.40000 	 29.60000 	 2.00000 	 1.20000 	 30.00000 	 66.70000 	 11.00000 	 2.80000 	 -4.00000 	 -0.00000 	 -20.00000 	 5.00000 	 -8.50000 	 18.00000 	 -4.60000 	 -8.00000 	 32.70000 	 -5.00000 	 -8.00000 	 -10.00000 	 
 
18216.60000 	 913.00000 	 34.00000 	 
31.00000 	 30.00000 	 33.00000 	 33.00000 	 34.00000 	 26.00000 	 29.60000 	 25.80000 	 17.70000 	 34.00000 	 5.00000 	 16.00000 	 8.90000 	 18.60000 	 5.50000 	 5.00000 	 -8.50000 	 18.00000 	 -4.00000 	 -8.00000 	 16.50000 	 -20.00000 	 -29.00000 	 -10.00000 	 
 
18381.20000 	 927.00000 	 33.30000 	 
31.00000 	 33.30000 	 31.20000 	 33.00000 	 31.00000 	 32.00000 	 14.00000 	 27.90000 	 32.10000 	 29.50000 	 7.10000 	 18.40000 	 16.70000 	 15.90000 	 -5.00000 	 5.00000 	 -8.50000 	 18.00000 	 -4.00000 	 -8.00000 	 12.00000 	 -14.90000 	 -29.00000 	 -10.00000 	 
 
18117.80000 	 965.00000 	 33.00000 	 
31.00000 	 31.50000 	 33.00000 	 33.00000 	 31.00000 	 32.00000 	 29.60000 	 11.70000 	 32.10000 	 29.50000 	 12.80000 	 18.40000 	 14.00000 	 12.00000 	 -3.50000 	 5.00000 	 -8.50000 	 18.00000 	 -4.00000 	 -8.00000 	 12.00000 	 -14.90000 	 -29.00000 	 -10.00000 	 
 
15261.50000 	 141.00000 	 72.00000 	 
58.00000 	 71.10000 	 58.80000 	 52.80000 	 23.80000 	 14.00000 	 2.00000 	 -3.00000 	 33.60000 	 67.00000 	 5.00000 	 -2.00000 	 -4.00000 	 -0.00000 	 -18.50000 	 11.00000 	 -10.00000 	 19.50000 	 -4.00000 	 -8.00000 	 15.60000 	 4.30000 	 -8.00000 	 -10.00000 	 
 
15612.10000 	 141.00000 	 67.00000 	 
58.00000 	 60.00000 	 55.20000 	 39.00000 	 23.50000 	 16.10000 	 6.20000 	 12.60000 	 30.00000 	 67.00000 	 5.00000 	 10.00000 	 -4.00000 	 -0.00000 	 -20.00000 	 11.00000 	 -8.50000 	 18.00000 	 -4.00000 	 0.40000 	 12.00000 	 -0.50000 	 -8.00000 	 -10.00000 	 
 
14991.30000 	 223.00000 	 52.00000 	 
52.00000 	 51.00000 	 51.90000 	 51.60000 	 41.80000 	 15.80000 	 2.00000 	 -0.00000 	 39.00000 	 52.00000 	 5.00000 	 -2.00000 	 -0.40000 	 1.50000 	 -20.00000 	 5.00000 	 -8.50000 	 18.00000 	 2.00000 	 -5.00000 	 12.00000 	 1.30000 	 7.00000 	 -10.00000 	 
 
15272.20000 	 222.00000 	 52.00000 	 
52.00000 	 51.00000 	 51.00000 	 48.00000 	 30.10000 	 38.00000 	 2.00000 	 1.80000 	 37.80000 	 52.00000 	 5.00000 	 1.00000 	 -4.00000 	 3.60000 	 -17.00000 	 5.00000 	 -8.50000 	 18.00000 	 -4.00000 	 7.00000 	 16.50000 	 -5.00000 	 -8.00000 	 -10.00000 	 
 
15408.50000 	 195.00000 	 56.80000 	 
56.80000 	 56.40000 	 53.10000 	 39.00000 	 49.90000 	 14.00000 	 2.00000 	 1.80000 	 34.20000 	 52.00000 	 24.50000 	 1.00000 	 0.50000 	 3.00000 	 -20.00000 	 5.00000 	 -4.90000 	 18.00000 	 -4.00000 	 -8.00000 	 12.00000 	 -0.50000 	 -8.00000 	 -10.00000 	 
 
15074.60000 	 228.00000 	 51.70000 	 
49.00000 	 51.00000 	 51.00000 	 48.30000 	 45.10000 	 24.20000 	 2.00000 	 1.80000 	 30.00000 	 51.70000 	 24.50000 	 2.80000 	 -4.00000 	 3.00000 	 -20.00000 	 5.00000 	 -10.00000 	 18.00000 	 1.10000 	 -8.00000 	 12.00000 	 -0.50000 	 -8.00000 	 -10.00000 	 
 
15405.10000 	 200.00000 	 57.40000 	 
56.80000 	 56.40000 	 51.00000 	 44.10000 	 57.40000 	 14.00000 	 2.00000 	 1.80000 	 34.20000 	 52.00000 	 20.00000 	 1.00000 	 -4.00000 	 3.00000 	 -20.00000 	 5.00000 	 -4.90000 	 18.00000 	 -4.00000 	 -8.00000 	 16.50000 	 -5.00000 	 -8.00000 	 -10.00000 	 
 
15500.10000 	 332.00000 	 49.80000 	 
40.00000 	 48.00000 	 49.80000 	 49.80000 	 31.00000 	 29.60000 	 2.00000 	 1.50000 	 42.30000 	 49.00000 	 5.00000 	 -1.40000 	 11.60000 	 1.80000 	 -20.00000 	 5.00000 	 -10.30000 	 17.70000 	 -1.90000 	 -8.00000 	 12.00000 	 2.80000 	 7.00000 	 -10.00000 	 
 
15682.70000 	 280.00000 	 49.80000 	 
49.00000 	 45.00000 	 49.80000 	 49.80000 	 35.50000 	 29.60000 	 2.00000 	 4.80000 	 42.90000 	 49.00000 	 5.00000 	 -5.00000 	 11.60000 	 -0.00000 	 -20.00000 	 5.00000 	 -8.50000 	 18.00000 	 -4.00000 	 7.00000 	 16.50000 	 -5.00000 	 -8.00000 	 -10.00000 	 
 
15871.50000 	 255.00000 	 50.10000 	 
49.00000 	 50.10000 	 50.10000 	 41.40000 	 32.50000 	 34.70000 	 2.00000 	 1.50000 	 30.00000 	 48.70000 	 4.70000 	 -2.00000 	 6.50000 	 -0.30000 	 -17.00000 	 12.80000 	 -10.00000 	 19.50000 	 8.00000 	 -4.40000 	 18.00000 	 -0.50000 	 -5.00000 	 -10.00000 	 
 
15881.70000 	 245.00000 	 50.10000 	 
49.00000 	 50.10000 	 50.10000 	 41.40000 	 34.30000 	 35.00000 	 2.00000 	 1.50000 	 30.00000 	 49.00000 	 5.00000 	 -2.00000 	 6.50000 	 -0.00000 	 -20.00000 	 12.80000 	 -10.00000 	 19.50000 	 8.00000 	 -4.40000 	 21.00000 	 -0.50000 	 -8.00000 	 -10.00000 	 
 
15676.50000 	 240.00000 	 50.40000 	 
49.00000 	 50.40000 	 50.40000 	 42.90000 	 32.80000 	 35.00000 	 2.00000 	 -0.90000 	 30.00000 	 49.00000 	 5.00000 	 -0.50000 	 10.70000 	 -0.00000 	 -20.00000 	 12.80000 	 -10.00000 	 21.30000 	 -4.00000 	 -2.60000 	 18.00000 	 3.70000 	 -5.00000 	 -10.00000 	 
 
15273.90000 	 221.00000 	 52.00000 	 
52.00000 	 51.00000 	 51.00000 	 46.50000 	 32.80000 	 14.00000 	 20.30000 	 6.00000 	 33.00000 	 52.00000 	 5.00000 	 -2.00000 	 -4.00000 	 -0.00000 	 -20.00000 	 5.00000 	 -10.00000 	 27.30000 	 0.20000 	 -4.40000 	 18.00000 	 4.30000 	 -5.00000 	 -10.00000 	 
 
16230.30000 	 329.00000 	 42.70000 	 
42.40000 	 42.00000 	 42.00000 	 41.40000 	 32.80000 	 38.00000 	 12.20000 	 0.60000 	 30.00000 	 42.70000 	 20.90000 	 -2.00000 	 8.00000 	 -0.00000 	 -20.00000 	 11.00000 	 -8.50000 	 18.00000 	 -4.00000 	 -6.20000 	 15.60000 	 14.50000 	 -8.00000 	 -10.00000 	 
 
16204.60000 	 293.00000 	 46.00000 	 
46.00000 	 44.40000 	 45.00000 	 40.80000 	 41.80000 	 14.00000 	 26.00000 	 9.00000 	 30.00000 	 46.00000 	 14.00000 	 0.10000 	 -1.00000 	 1.50000 	 -20.00000 	 6.80000 	 -8.50000 	 36.60000 	 -1.00000 	 -8.00000 	 16.50000 	 -5.00000 	 -8.00000 	 -10.00000 	 
 
15787.50000 	 326.00000 	 43.20000 	 
43.00000 	 42.00000 	 42.00000 	 43.20000 	 37.00000 	 32.30000 	 26.00000 	 -3.00000 	 30.00000 	 43.00000 	 5.00000 	 -2.00000 	 4.10000 	 -0.00000 	 -20.00000 	 5.00000 	 -5.20000 	 24.60000 	 -2.50000 	 -8.00000 	 18.00000 	 2.50000 	 7.00000 	 -10.00000 	 
 
16243.00000 	 326.00000 	 43.00000 	 
43.00000 	 42.00000 	 42.00000 	 41.40000 	 32.80000 	 24.80000 	 26.00000 	 -3.00000 	 36.00000 	 43.00000 	 15.50000 	 0.10000 	 -1.00000 	 -0.00000 	 -17.00000 	 6.80000 	 -8.50000 	 33.00000 	 -4.00000 	 -8.00000 	 20.10000 	 -5.00000 	 4.00000 	 -10.00000 	 
 
16333.10000 	 366.00000 	 39.70000 	 
39.40000 	 38.40000 	 39.00000 	 39.00000 	 34.60000 	 19.10000 	 24.50000 	 21.00000 	 37.80000 	 39.70000 	 6.50000 	 1.60000 	 -4.00000 	 3.00000 	 -17.00000 	 5.00000 	 -8.50000 	 18.00000 	 11.00000 	 7.00000 	 18.30000 	 -5.00000 	 -8.00000 	 -10.00000 	 
 
16051.10000 	 311.00000 	 47.70000 	 
46.00000 	 47.70000 	 47.40000 	 40.80000 	 44.80000 	 29.30000 	 2.00000 	 1.20000 	 29.70000 	 39.70000 	 17.00000 	 1.60000 	 -4.00000 	 3.00000 	 -17.00000 	 5.00000 	 -8.50000 	 18.00000 	 11.00000 	 7.00000 	 15.00000 	 -3.50000 	 -6.20000 	 -10.00000 	 
 
15991.10000 	 328.00000 	 43.00000 	 
43.00000 	 42.00000 	 42.00000 	 42.90000 	 34.00000 	 26.00000 	 9.80000 	 21.00000 	 33.00000 	 43.00000 	 5.00000 	 1.60000 	 -4.00000 	 3.00000 	 -16.10000 	 5.00000 	 -8.50000 	 18.00000 	 0.80000 	 7.00000 	 28.50000 	 -5.00000 	 -8.00000 	 -10.00000 	 
 
16136.00000 	 367.00000 	 39.70000 	 
39.40000 	 39.00000 	 39.00000 	 38.40000 	 35.80000 	 26.00000 	 33.50000 	 0.60000 	 39.00000 	 39.70000 	 8.90000 	 1.60000 	 -4.00000 	 3.00000 	 -17.00000 	 5.00000 	 -8.50000 	 18.00000 	 11.00000 	 7.00000 	 16.50000 	 -3.20000 	 -8.00000 	 -10.00000 	 
 
16217.60000 	 363.00000 	 40.00000 	 
40.00000 	 38.40000 	 39.00000 	 39.00000 	 35.20000 	 26.00000 	 35.00000 	 1.20000 	 39.00000 	 40.00000 	 6.80000 	 3.40000 	 -4.00000 	 3.00000 	 -17.00000 	 5.00000 	 -8.50000 	 18.00000 	 11.00000 	 7.00000 	 16.50000 	 -5.00000 	 -8.00000 	 -10.00000 	 
 
15720.20000 	 390.00000 	 45.70000 	 
37.00000 	 44.40000 	 42.00000 	 43.80000 	 45.10000 	 38.00000 	 8.00000 	 0.60000 	 33.00000 	 45.70000 	 5.00000 	 1.60000 	 -1.00000 	 15.00000 	 -20.00000 	 5.00000 	 -10.00000 	 19.80000 	 0.50000 	 -8.00000 	 16.50000 	 -5.00000 	 1.00000 	 -10.00000 	 
 
16618.60000 	 443.00000 	 35.70000 	 
34.00000 	 35.40000 	 35.70000 	 34.80000 	 34.00000 	 33.80000 	 29.90000 	 22.80000 	 30.00000 	 34.00000 	 11.60000 	 -2.00000 	 -0.40000 	 1.80000 	 -20.00000 	 5.00000 	 5.00000 	 19.50000 	 -4.00000 	 -6.20000 	 27.00000 	 -0.50000 	 -6.20000 	 -10.00000 	 
 
15871.00000 	 367.00000 	 40.00000 	 
40.00000 	 38.40000 	 39.00000 	 39.90000 	 34.00000 	 35.00000 	 16.70000 	 21.30000 	 35.10000 	 40.00000 	 12.80000 	 -2.00000 	 -0.40000 	 -0.00000 	 -14.00000 	 5.00000 	 -10.00000 	 30.30000 	 -4.00000 	 -6.20000 	 12.00000 	 -0.50000 	 -1.40000 	 -10.00000 	 
 
16200.40000 	 364.00000 	 40.00000 	 
39.40000 	 39.00000 	 38.40000 	 39.00000 	 29.80000 	 35.00000 	 33.50000 	 4.80000 	 35.10000 	 40.00000 	 5.00000 	 -2.00000 	 -0.40000 	 -0.00000 	 -14.00000 	 5.00000 	 5.00000 	 19.50000 	 -4.00000 	 -6.20000 	 27.00000 	 -0.50000 	 -8.00000 	 -10.00000 	 
 
16047.60000 	 357.00000 	 41.10000 	 
40.00000 	 40.80000 	 41.10000 	 38.40000 	 40.60000 	 29.60000 	 2.00000 	 12.60000 	 33.60000 	 40.00000 	 11.00000 	 -2.00000 	 -4.00000 	 7.50000 	 -11.00000 	 8.00000 	 -10.00000 	 18.00000 	 3.50000 	 -8.00000 	 17.70000 	 8.80000 	 2.80000 	 -10.00000 	 
 
16034.80000 	 365.00000 	 40.20000 	 
40.00000 	 39.00000 	 38.40000 	 40.20000 	 34.00000 	 36.50000 	 9.80000 	 14.40000 	 30.00000 	 40.00000 	 7.10000 	 16.00000 	 -4.00000 	 3.60000 	 -17.00000 	 5.00000 	 -10.00000 	 18.00000 	 -2.50000 	 4.00000 	 17.70000 	 -2.00000 	 2.80000 	 -10.00000 	 
 
16759.90000 	 435.00000 	 35.80000 	 
34.00000 	 35.70000 	 35.40000 	 35.70000 	 35.80000 	 35.00000 	 18.20000 	 22.80000 	 33.60000 	 34.00000 	 7.10000 	 4.00000 	 -0.40000 	 -0.00000 	 -17.90000 	 20.00000 	 -1.00000 	 18.00000 	 -2.50000 	 4.00000 	 15.00000 	 -3.50000 	 -8.00000 	 -10.00000 	 
 
16878.40000 	 470.00000 	 35.40000 	 
28.00000 	 35.40000 	 33.00000 	 34.80000 	 34.00000 	 17.60000 	 26.00000 	 30.30000 	 34.20000 	 34.00000 	 12.80000 	 5.80000 	 -4.00000 	 -0.00000 	 -20.00000 	 5.00000 	 0.50000 	 32.40000 	 -4.00000 	 2.20000 	 16.50000 	 -5.00000 	 1.00000 	 -10.00000 	 
 
16917.40000 	 468.00000 	 35.40000 	 
28.00000 	 35.40000 	 33.00000 	 34.80000 	 34.00000 	 17.60000 	 26.00000 	 30.30000 	 34.20000 	 34.00000 	 12.80000 	 11.80000 	 -4.00000 	 -0.00000 	 -20.00000 	 5.00000 	 0.50000 	 33.00000 	 -4.00000 	 -4.40000 	 16.50000 	 -5.00000 	 1.00000 	 -10.00000 	 
 
16958.80000 	 435.00000 	 35.70000 	 
34.00000 	 35.70000 	 35.40000 	 35.70000 	 32.80000 	 33.80000 	 26.00000 	 22.80000 	 30.00000 	 34.00000 	 7.10000 	 -2.00000 	 -4.00000 	 3.00000 	 -17.90000 	 5.00000 	 -6.40000 	 31.50000 	 -4.00000 	 7.00000 	 28.50000 	 -5.00000 	 -8.00000 	 -10.00000 	 
 
16878.20000 	 429.00000 	 36.40000 	 
36.40000 	 35.40000 	 36.00000 	 36.00000 	 32.80000 	 35.00000 	 17.60000 	 14.40000 	 35.40000 	 34.00000 	 11.00000 	 -2.00000 	 -4.00000 	 -0.60000 	 -0.20000 	 5.00000 	 -10.00000 	 34.50000 	 -4.00000 	 -8.00000 	 22.20000 	 4.30000 	 -3.80000 	 -10.00000 	 
 
16394.80000 	 438.00000 	 35.80000 	 
34.00000 	 35.40000 	 35.70000 	 35.70000 	 35.80000 	 35.00000 	 16.70000 	 25.80000 	 33.60000 	 34.00000 	 6.50000 	 2.50000 	 -4.00000 	 7.80000 	 -8.00000 	 6.80000 	 -10.00000 	 19.50000 	 -4.00000 	 -8.00000 	 22.20000 	 -0.50000 	 2.80000 	 -10.00000 	 
 
16316.80000 	 431.00000 	 36.00000 	 
34.00000 	 35.40000 	 36.00000 	 36.00000 	 32.80000 	 29.60000 	 25.40000 	 22.80000 	 33.60000 	 34.00000 	 5.00000 	 -2.00000 	 -4.00000 	 7.80000 	 -0.20000 	 7.40000 	 -4.00000 	 19.50000 	 -4.00000 	 -8.00000 	 15.60000 	 -0.50000 	 2.80000 	 -10.00000 	 
 
16627.30000 	 436.00000 	 35.70000 	 
34.00000 	 35.70000 	 35.40000 	 35.70000 	 32.80000 	 35.00000 	 35.00000 	 13.50000 	 33.60000 	 34.00000 	 5.00000 	 -2.00000 	 -4.00000 	 3.60000 	 -20.00000 	 20.00000 	 -4.00000 	 19.50000 	 -4.00000 	 4.00000 	 16.50000 	 -5.00000 	 1.00000 	 -10.00000 	 
 
16516.10000 	 561.00000 	 35.10000 	 
31.00000 	 33.00000 	 34.20000 	 35.10000 	 33.40000 	 35.00000 	 28.10000 	 9.00000 	 31.80000 	 34.00000 	 17.00000 	 0.40000 	 2.00000 	 -0.00000 	 4.00000 	 4.40000 	 -7.30000 	 5.70000 	 1.10000 	 -8.00000 	 18.90000 	 3.10000 	 7.00000 	 -10.00000 	 
 
16159.00000 	 189.00000 	 57.40000 	 
57.40000 	 55.80000 	 52.80000 	 52.20000 	 26.80000 	 17.00000 	 2.00000 	 -3.60000 	 37.80000 	 55.00000 	 17.00000 	 -2.00000 	 -4.00000 	 6.90000 	 -13.40000 	 20.00000 	 -10.00000 	 19.50000 	 -4.00000 	 -8.00000 	 16.50000 	 -5.00000 	 -8.00000 	 -10.00000 	 
 
15162.40000 	 173.00000 	 58.00000 	 
58.00000 	 57.00000 	 55.20000 	 48.00000 	 35.80000 	 21.80000 	 2.00000 	 7.80000 	 30.00000 	 58.00000 	 5.00000 	 -2.00000 	 -4.00000 	 7.80000 	 -20.00000 	 5.00000 	 -8.50000 	 18.00000 	 -0.40000 	 1.00000 	 16.50000 	 -5.00000 	 -8.00000 	 -10.00000 	 
 
15769.30000 	 195.00000 	 56.10000 	 
54.40000 	 56.10000 	 51.00000 	 39.00000 	 34.00000 	 14.00000 	 14.00000 	 -3.00000 	 45.60000 	 55.00000 	 8.90000 	 -2.00000 	 -4.00000 	 -0.00000 	 -5.00000 	 9.20000 	 -8.50000 	 21.00000 	 -4.60000 	 -8.60000 	 20.10000 	 -5.00000 	 -6.20000 	 -10.00000 	 
 
15879.70000 	 199.00000 	 55.50000 	 
54.40000 	 55.50000 	 51.00000 	 39.00000 	 29.80000 	 14.00000 	 13.40000 	 -3.00000 	 54.90000 	 55.00000 	 5.00000 	 -2.00000 	 -4.00000 	 -0.60000 	 -5.00000 	 9.20000 	 -8.50000 	 21.00000 	 -4.60000 	 -8.00000 	 20.10000 	 -5.00000 	 -6.20000 	 -10.00000 	 
 
16005.50000 	 194.00000 	 55.50000 	 
55.00000 	 55.50000 	 50.40000 	 39.00000 	 29.80000 	 35.00000 	 2.00000 	 -3.00000 	 33.90000 	 55.00000 	 6.80000 	 -2.00000 	 8.00000 	 -0.00000 	 -5.00000 	 11.00000 	 -10.00000 	 19.50000 	 -4.00000 	 -8.00000 	 20.10000 	 -5.00000 	 -8.00000 	 -10.00000 	 
 
15318.70000 	 218.00000 	 54.60000 	 
51.40000 	 54.00000 	 50.40000 	 54.60000 	 38.50000 	 14.00000 	 4.10000 	 9.00000 	 30.00000 	 52.00000 	 5.00000 	 13.00000 	 -1.00000 	 -0.00000 	 -18.20000 	 5.00000 	 -9.10000 	 17.40000 	 -4.00000 	 -0.20000 	 19.50000 	 -5.00000 	 -8.00000 	 -10.00000 	 
 
15424.30000 	 213.00000 	 54.60000 	 
54.40000 	 54.00000 	 50.40000 	 54.60000 	 38.50000 	 14.00000 	 4.10000 	 9.00000 	 30.00000 	 52.00000 	 5.00000 	 13.00000 	 -1.00000 	 -0.00000 	 -18.20000 	 5.00000 	 -9.10000 	 17.40000 	 -4.00000 	 -0.20000 	 19.50000 	 -5.00000 	 -8.00000 	 -10.00000 	 
 
15125.70000 	 224.00000 	 51.70000 	 
51.40000 	 51.00000 	 51.00000 	 42.00000 	 33.10000 	 33.80000 	 14.00000 	 -3.00000 	 33.00000 	 51.70000 	 5.00000 	 -2.00000 	 2.00000 	 3.60000 	 -20.00000 	 5.00000 	 -8.50000 	 19.80000 	 -4.00000 	 -8.00000 	 12.00000 	 2.50000 	 7.00000 	 -10.00000 	 
 
15035.20000 	 188.00000 	 57.70000 	 
57.40000 	 56.10000 	 54.60000 	 57.00000 	 33.10000 	 18.20000 	 6.20000 	 5.10000 	 30.00000 	 57.70000 	 13.70000 	 3.70000 	 -0.40000 	 -0.00000 	 -20.00000 	 5.00000 	 -8.50000 	 18.00000 	 -4.00000 	 -8.00000 	 16.50000 	 -5.00000 	 -8.00000 	 -10.00000 	 
 
15327.40000 	 171.00000 	 58.00000 	 
58.00000 	 57.00000 	 54.90000 	 39.00000 	 42.40000 	 22.10000 	 4.10000 	 -0.90000 	 37.80000 	 58.00000 	 6.80000 	 -2.00000 	 -4.00000 	 6.00000 	 -20.00000 	 5.00000 	 -8.20000 	 21.30000 	 -2.20000 	 -8.00000 	 23.10000 	 -5.00000 	 -6.20000 	 -10.00000 	 
 
15205.90000 	 171.00000 	 61.20000 	 
58.00000 	 61.20000 	 57.30000 	 42.90000 	 42.40000 	 14.00000 	 9.80000 	 -3.00000 	 31.80000 	 58.00000 	 6.80000 	 -2.00000 	 -1.00000 	 -0.00000 	 -20.00000 	 8.00000 	 -8.20000 	 21.30000 	 -2.20000 	 -4.40000 	 19.50000 	 -5.00000 	 -6.20000 	 -10.00000 	 
 
14913.70000 	 143.00000 	 66.70000 	 
58.00000 	 66.00000 	 66.60000 	 45.30000 	 26.50000 	 20.00000 	 3.50000 	 1.80000 	 30.00000 	 66.70000 	 5.00000 	 1.60000 	 -1.00000 	 -0.00000 	 -20.00000 	 5.00000 	 -8.50000 	 18.00000 	 -4.00000 	 -8.00000 	 15.00000 	 -0.50000 	 -8.00000 	 -10.00000 	 
 
15149.20000 	 177.00000 	 66.10000 	 
58.00000 	 59.40000 	 62.70000 	 50.40000 	 39.40000 	 14.00000 	 2.00000 	 1.80000 	 29.40000 	 66.10000 	 5.00000 	 5.20000 	 -4.00000 	 1.20000 	 -20.60000 	 8.00000 	 -8.50000 	 18.00000 	 -4.00000 	 -8.00000 	 12.00000 	 -0.50000 	 -8.00000 	 -10.00000 	 
 
14917.10000 	 142.00000 	 67.00000 	 
58.00000 	 61.80000 	 57.60000 	 45.60000 	 27.40000 	 22.70000 	 2.00000 	 -3.00000 	 35.40000 	 67.00000 	 5.00000 	 -0.20000 	 -2.20000 	 -0.00000 	 -18.20000 	 6.80000 	 -8.50000 	 18.00000 	 -0.40000 	 -2.00000 	 12.00000 	 2.50000 	 -8.00000 	 -10.00000 	 
 
15037.00000 	 183.00000 	 64.00000 	 
58.00000 	 59.10000 	 56.40000 	 51.00000 	 41.80000 	 13.40000 	 5.30000 	 1.20000 	 33.00000 	 64.00000 	 6.50000 	 -2.60000 	 -4.90000 	 -0.00000 	 -11.00000 	 5.00000 	 -9.10000 	 18.00000 	 -4.60000 	 -5.00000 	 16.50000 	 -5.00000 	 -8.00000 	 -10.00000 	 
 
11289.50000 	 420.00000 	 66.70000 	 
-5.00000 	 58.80000 	 57.90000 	 52.50000 	 38.50000 	 20.00000 	 2.00000 	 -0.00000 	 31.80000 	 66.70000 	 2.00000 	 0.70000 	 -0.40000 	 -0.00000 	 -15.50000 	 -1.00000 	 -8.50000 	 -0.00000 	 -1.00000 	 -0.20000 	 12.00000 	 1.90000 	 -21.20000 	 -22.00000 	 
 
11291.90000 	 418.00000 	 67.00000 	 
-5.00000 	 58.50000 	 57.00000 	 52.50000 	 38.50000 	 20.90000 	 2.00000 	 -0.00000 	 31.80000 	 67.00000 	 2.00000 	 0.70000 	 -0.40000 	 -0.00000 	 -15.50000 	 -1.00000 	 -8.50000 	 -0.00000 	 -1.00000 	 -0.20000 	 12.00000 	 1.90000 	 -21.20000 	 -22.00000 	 
 
11303.00000 	 420.00000 	 64.00000 	 
-5.00000 	 57.00000 	 57.90000 	 52.50000 	 38.50000 	 20.00000 	 3.80000 	 -0.00000 	 31.80000 	 64.00000 	 4.70000 	 0.70000 	 -0.40000 	 -0.00000 	 -15.50000 	 -1.00000 	 -8.50000 	 -0.00000 	 -1.00000 	 -0.20000 	 12.00000 	 1.90000 	 -21.20000 	 -22.00000 	 
 
11331.00000 	 442.00000 	 60.40000 	 
-5.00000 	 58.50000 	 57.90000 	 52.50000 	 38.50000 	 18.80000 	 3.50000 	 -0.00000 	 31.80000 	 60.40000 	 5.00000 	 0.40000 	 0.20000 	 -0.00000 	 -12.50000 	 -1.00000 	 -8.50000 	 0.00000 	 -1.00000 	 -0.20000 	 12.00000 	 1.90000 	 -21.20000 	 -22.00000 	 
 
11327.30000 	 446.00000 	 60.40000 	 
-5.00000 	 57.00000 	 57.90000 	 52.50000 	 38.50000 	 20.00000 	 3.80000 	 -0.00000 	 31.80000 	 60.40000 	 4.70000 	 0.10000 	 -0.10000 	 -0.00000 	 -11.60000 	 -1.00000 	 -8.50000 	 -0.00000 	 -1.00000 	 -0.20000 	 12.00000 	 1.90000 	 -21.20000 	 -22.00000 	 
 
11324.00000 	 436.00000 	 61.00000 	 
-5.00000 	 57.00000 	 57.00000 	 52.50000 	 38.50000 	 20.90000 	 3.80000 	 -0.00000 	 31.80000 	 61.00000 	 5.00000 	 0.10000 	 -0.40000 	 -0.00000 	 -15.20000 	 -1.00000 	 -5.50000 	 -0.00000 	 -1.00000 	 -0.20000 	 12.00000 	 1.90000 	 -21.20000 	 -22.00000 	 
 
11348.00000 	 446.00000 	 58.00000 	 
-5.00000 	 57.00000 	 57.00000 	 52.50000 	 38.50000 	 20.90000 	 3.80000 	 -0.00000 	 31.80000 	 58.00000 	 5.00000 	 0.10000 	 -0.40000 	 -0.00000 	 -12.20000 	 -1.00000 	 -5.50000 	 -0.00000 	 -1.00000 	 -0.20000 	 12.00000 	 1.90000 	 -21.20000 	 -22.00000 	 
 
11360.30000 	 458.00000 	 57.40000 	 
-5.00000 	 57.00000 	 57.00000 	 52.50000 	 38.50000 	 20.90000 	 3.80000 	 -0.00000 	 31.80000 	 57.40000 	 6.80000 	 0.10000 	 -0.40000 	 -0.00000 	 -14.00000 	 -1.00000 	 -5.50000 	 -0.00000 	 -1.00000 	 -0.20000 	 12.00000 	 2.50000 	 -21.20000 	 -22.00000 	 
 
11536.50000 	 457.00000 	 57.00000 	 
-5.00000 	 57.00000 	 54.00000 	 52.50000 	 38.50000 	 20.90000 	 3.50000 	 -1.20000 	 33.30000 	 55.00000 	 6.50000 	 2.50000 	 0.50000 	 1.50000 	 -11.60000 	 -1.00000 	 -8.50000 	 3.00000 	 -1.00000 	 -0.20000 	 12.00000 	 1.30000 	 -21.20000 	 -22.00000 	 
 
11356.10000 	 462.00000 	 57.40000 	 
-5.00000 	 57.00000 	 57.00000 	 52.50000 	 38.50000 	 20.90000 	 3.80000 	 -0.00000 	 31.80000 	 57.40000 	 6.50000 	 0.40000 	 -0.10000 	 -0.00000 	 -10.70000 	 -1.00000 	 -8.50000 	 -0.00000 	 -1.00000 	 -0.20000 	 12.00000 	 1.90000 	 -21.20000 	 -22.00000 	 
 
11393.90000 	 478.00000 	 55.00000 	 
-5.00000 	 54.00000 	 54.90000 	 54.30000 	 41.50000 	 21.50000 	 3.50000 	 -0.00000 	 31.80000 	 55.00000 	 6.80000 	 0.10000 	 -0.40000 	 -0.00000 	 -11.00000 	 -1.00000 	 -5.50000 	 -0.00000 	 -1.00000 	 -0.20000 	 12.00000 	 1.90000 	 -21.20000 	 -22.00000 	 
 
11391.90000 	 472.00000 	 56.10000 	 
-5.00000 	 56.10000 	 55.50000 	 53.70000 	 38.80000 	 22.10000 	 3.50000 	 -0.00000 	 31.80000 	 55.00000 	 4.70000 	 -0.20000 	 0.50000 	 -0.00000 	 -10.10000 	 -1.00000 	 -5.50000 	 -0.00000 	 -1.00000 	 0.40000 	 12.00000 	 1.90000 	 -21.20000 	 -22.00000 	 
 
11395.50000 	 476.00000 	 55.50000 	 
-5.00000 	 55.50000 	 54.90000 	 53.70000 	 40.00000 	 22.10000 	 3.50000 	 -0.00000 	 31.80000 	 55.00000 	 4.70000 	 -0.20000 	 0.50000 	 -0.00000 	 -10.10000 	 -1.00000 	 -5.50000 	 -0.00000 	 -1.00000 	 0.40000 	 12.00000 	 1.90000 	 -21.20000 	 -22.00000 	 
 
11327.00000 	 430.00000 	 61.00000 	 
-5.00000 	 58.80000 	 57.90000 	 52.50000 	 38.50000 	 20.00000 	 2.00000 	 -0.00000 	 31.80000 	 61.00000 	 4.70000 	 0.70000 	 -0.40000 	 -0.00000 	 -12.50000 	 -1.00000 	 -8.50000 	 -0.00000 	 -1.00000 	 -0.20000 	 12.00000 	 1.90000 	 -21.20000 	 -22.00000 	 
 
11411.90000 	 461.00000 	 57.00000 	 
-5.00000 	 57.00000 	 57.00000 	 52.50000 	 38.50000 	 20.90000 	 3.80000 	 -0.00000 	 31.80000 	 55.00000 	 5.00000 	 1.30000 	 -0.70000 	 -0.00000 	 -9.20000 	 -1.60000 	 -5.50000 	 -0.00000 	 -1.00000 	 0.40000 	 12.00000 	 1.30000 	 -21.20000 	 -22.00000 	 
 
11319.50000 	 398.00000 	 67.00000 	 
-5.00000 	 57.00000 	 57.90000 	 52.50000 	 38.50000 	 20.00000 	 2.00000 	 -0.00000 	 31.80000 	 67.00000 	 5.00000 	 0.70000 	 -0.40000 	 -0.00000 	 -17.00000 	 -1.00000 	 -8.50000 	 -0.00000 	 -1.00000 	 -0.20000 	 12.00000 	 1.90000 	 -21.20000 	 -22.00000 	 
 
11362.10000 	 378.00000 	 67.00000 	 
-5.00000 	 57.00000 	 57.00000 	 52.50000 	 38.50000 	 20.90000 	 2.00000 	 -0.00000 	 31.80000 	 67.00000 	 5.00000 	 0.70000 	 -0.40000 	 -0.00000 	 -17.00000 	 -1.00000 	 -10.00000 	 3.00000 	 -0.10000 	 -0.20000 	 12.00000 	 1.30000 	 -23.00000 	 -22.00000 	 
 
11339.90000 	 388.00000 	 67.00000 	 
-5.00000 	 57.00000 	 57.90000 	 52.50000 	 38.50000 	 20.00000 	 2.00000 	 -0.00000 	 31.80000 	 67.00000 	 5.00000 	 0.70000 	 -0.40000 	 -0.00000 	 -17.00000 	 -1.00000 	 -10.00000 	 -0.00000 	 -0.10000 	 -0.20000 	 12.00000 	 2.50000 	 -21.20000 	 -22.00000 	 
 
11311.70000 	 402.00000 	 66.70000 	 
-5.00000 	 58.50000 	 57.00000 	 52.50000 	 38.50000 	 20.00000 	 2.00000 	 0.00000 	 31.80000 	 66.70000 	 4.70000 	 0.70000 	 -0.40000 	 -0.00000 	 -17.00000 	 -1.00000 	 -8.50000 	 -0.00000 	 -1.00000 	 -0.20000 	 12.00000 	 1.90000 	 -21.20000 	 -22.00000 	 
 
11332.10000 	 392.00000 	 66.70000 	 
-5.00000 	 58.50000 	 57.00000 	 52.50000 	 38.50000 	 20.00000 	 2.00000 	 -0.00000 	 31.80000 	 66.70000 	 4.70000 	 0.70000 	 -0.40000 	 -0.00000 	 -17.00000 	 -1.00000 	 -10.00000 	 -0.00000 	 -0.10000 	 -0.20000 	 12.00000 	 2.50000 	 -21.20000 	 -22.00000 	 
 
11306.90000 	 418.00000 	 64.00000 	 
-5.00000 	 57.00000 	 57.00000 	 52.50000 	 38.50000 	 20.90000 	 3.50000 	 -0.00000 	 31.80000 	 64.00000 	 5.00000 	 0.70000 	 -0.40000 	 -0.00000 	 -15.50000 	 -1.00000 	 -8.50000 	 -0.00000 	 -1.00000 	 -0.20000 	 12.00000 	 1.90000 	 -21.20000 	 -22.00000 	 
 
11327.30000 	 408.00000 	 64.00000 	 
-5.00000 	 58.50000 	 57.00000 	 52.50000 	 38.50000 	 20.90000 	 2.00000 	 -0.00000 	 31.80000 	 64.00000 	 5.00000 	 0.70000 	 -0.40000 	 -0.00000 	 -15.50000 	 -1.00000 	 -10.00000 	 -0.00000 	 -0.10000 	 -0.20000 	 12.00000 	 2.50000 	 -21.20000 	 -22.00000 	 
 
11345.70000 	 400.00000 	 64.00000 	 
-5.00000 	 58.50000 	 57.00000 	 52.50000 	 38.50000 	 20.90000 	 2.00000 	 -0.00000 	 31.80000 	 64.00000 	 5.00000 	 0.70000 	 -0.40000 	 -0.00000 	 -15.50000 	 1.40000 	 -10.00000 	 -0.00000 	 0.50000 	 -0.20000 	 12.00000 	 1.30000 	 -23.00000 	 -22.00000 	 
 
11420.00000 	 394.00000 	 63.40000 	 
-5.00000 	 57.00000 	 58.50000 	 54.90000 	 35.50000 	 21.50000 	 2.00000 	 -0.00000 	 31.80000 	 63.40000 	 5.00000 	 -0.50000 	 -0.70000 	 -0.00000 	 -17.00000 	 3.80000 	 -8.50000 	 -0.00000 	 -0.40000 	 -0.20000 	 12.00000 	 1.90000 	 -17.00000 	 -28.00000 	 
 
11336.90000 	 406.00000 	 64.00000 	 
-5.00000 	 58.80000 	 57.90000 	 51.90000 	 38.50000 	 20.00000 	 2.00000 	 -0.00000 	 31.80000 	 64.00000 	 5.00000 	 1.00000 	 -0.40000 	 -0.00000 	 -15.50000 	 -1.00000 	 -10.00000 	 -0.00000 	 -0.10000 	 0.40000 	 12.00000 	 1.90000 	 -21.20000 	 -22.00000 	 
 
11322.20000 	 412.00000 	 64.00000 	 
-5.00000 	 57.00000 	 57.00000 	 52.50000 	 38.50000 	 20.90000 	 3.80000 	 -0.00000 	 31.80000 	 64.00000 	 4.70000 	 0.70000 	 -1.00000 	 -0.00000 	 -15.50000 	 -1.00000 	 -8.20000 	 -0.00000 	 -0.10000 	 -0.20000 	 12.00000 	 1.30000 	 -21.20000 	 -22.00000 	 
 
11323.40000 	 410.00000 	 64.00000 	 
-5.00000 	 57.00000 	 57.00000 	 52.50000 	 38.50000 	 20.90000 	 3.80000 	 -0.00000 	 31.80000 	 64.00000 	 4.70000 	 0.70000 	 -0.40000 	 -0.00000 	 -15.50000 	 -1.00000 	 -10.00000 	 -0.00000 	 -0.10000 	 -0.20000 	 12.00000 	 2.50000 	 -21.20000 	 -22.00000 	 
 
11363.30000 	 412.00000 	 61.00000 	 
-5.00000 	 57.00000 	 57.90000 	 52.50000 	 38.50000 	 20.00000 	 3.80000 	 -0.00000 	 31.80000 	 61.00000 	 4.70000 	 0.70000 	 -0.40000 	 -0.00000 	 -13.70000 	 -1.00000 	 -10.00000 	 2.70000 	 -0.40000 	 -0.20000 	 12.00000 	 1.30000 	 -21.20000 	 -22.00000 	 
 
11330.90000 	 428.00000 	 61.00000 	 
-5.00000 	 58.50000 	 57.00000 	 52.50000 	 38.50000 	 20.90000 	 2.00000 	 -0.00000 	 31.80000 	 61.00000 	 5.00000 	 0.70000 	 -0.40000 	 -0.00000 	 -12.50000 	 -1.00000 	 -8.50000 	 -0.00000 	 -1.00000 	 -0.20000 	 12.00000 	 1.90000 	 -21.20000 	 -22.00000 	 
 
11502.20000 	 392.00000 	 60.70000 	 
-5.00000 	 57.00000 	 55.80000 	 53.10000 	 36.70000 	 21.50000 	 2.00000 	 -0.00000 	 31.80000 	 60.70000 	 5.00000 	 1.30000 	 -1.00000 	 -0.00000 	 -13.10000 	 2.00000 	 -8.20000 	 2.70000 	 -2.20000 	 -0.20000 	 12.00000 	 1.30000 	 -15.20000 	 -28.00000 	 
 
11479.40000 	 392.00000 	 61.00000 	 
-5.00000 	 57.00000 	 57.00000 	 52.50000 	 38.50000 	 20.90000 	 3.50000 	 -0.00000 	 31.80000 	 61.00000 	 5.00000 	 0.70000 	 -0.40000 	 -0.00000 	 -15.50000 	 4.40000 	 -10.00000 	 2.70000 	 -2.20000 	 -2.00000 	 12.00000 	 1.30000 	 -21.20000 	 -22.00000 	 
 
11351.30000 	 418.00000 	 61.00000 	 
-5.00000 	 57.00000 	 57.00000 	 52.50000 	 38.50000 	 20.90000 	 3.50000 	 -0.00000 	 31.80000 	 61.00000 	 5.00000 	 0.70000 	 -0.40000 	 -0.00000 	 -12.50000 	 -1.00000 	 -10.00000 	 -0.00000 	 -0.10000 	 -0.20000 	 12.00000 	 2.50000 	 -21.20000 	 -22.00000 	 
 
11372.30000 	 410.00000 	 61.00000 	 
-5.00000 	 58.50000 	 57.90000 	 52.50000 	 38.50000 	 20.00000 	 2.00000 	 -0.00000 	 31.80000 	 61.00000 	 5.00000 	 0.70000 	 -0.40000 	 -0.00000 	 -13.70000 	 -1.00000 	 -10.00000 	 3.00000 	 -0.10000 	 -0.80000 	 12.00000 	 1.30000 	 -21.20000 	 -22.00000 	 
 
11363.90000 	 438.00000 	 58.00000 	 
-5.00000 	 57.00000 	 57.00000 	 52.50000 	 38.50000 	 20.90000 	 3.50000 	 -0.00000 	 31.80000 	 58.00000 	 4.70000 	 -0.20000 	 -0.40000 	 -0.00000 	 -11.30000 	 -1.00000 	 -5.50000 	 -0.00000 	 -1.00000 	 -0.20000 	 12.00000 	 1.90000 	 -21.20000 	 -22.00000 	 
 
11403.20000 	 418.00000 	 58.00000 	 
-5.00000 	 57.00000 	 57.00000 	 52.50000 	 38.50000 	 20.90000 	 3.50000 	 -0.00000 	 31.80000 	 58.00000 	 5.00000 	 -0.20000 	 -0.10000 	 -0.00000 	 -11.90000 	 -1.00000 	 -8.50000 	 3.00000 	 -0.40000 	 -0.20000 	 12.00000 	 1.30000 	 -21.20000 	 -22.00000 	 
 
11383.40000 	 428.00000 	 58.00000 	 
-5.00000 	 57.00000 	 57.00000 	 52.50000 	 38.50000 	 20.90000 	 3.50000 	 -0.00000 	 31.80000 	 58.00000 	 5.00000 	 -0.20000 	 -0.10000 	 -0.00000 	 -10.10000 	 -1.00000 	 -8.50000 	 -0.00000 	 -0.40000 	 -0.20000 	 12.00000 	 2.50000 	 -21.20000 	 -22.00000 	 
 
11392.70000 	 426.00000 	 58.00000 	 
-5.00000 	 57.00000 	 57.90000 	 52.50000 	 38.50000 	 20.00000 	 3.80000 	 -0.00000 	 31.80000 	 58.00000 	 5.00000 	 0.10000 	 -1.00000 	 -0.00000 	 -13.40000 	 -1.00000 	 -6.70000 	 3.00000 	 -0.40000 	 -0.20000 	 12.00000 	 1.30000 	 -21.20000 	 -22.00000 	 
 
11380.10000 	 430.00000 	 58.00000 	 
-5.00000 	 57.00000 	 57.90000 	 52.50000 	 38.50000 	 20.00000 	 3.80000 	 -0.00000 	 31.80000 	 58.00000 	 5.00000 	 0.10000 	 -0.10000 	 -0.00000 	 -11.30000 	 -1.00000 	 -6.70000 	 -0.00000 	 -0.40000 	 -0.20000 	 12.00000 	 1.30000 	 -21.20000 	 -22.00000 	 
 
11379.00000 	 432.00000 	 58.00000 	 
-5.00000 	 57.00000 	 57.90000 	 52.50000 	 38.50000 	 20.00000 	 3.80000 	 -0.00000 	 31.80000 	 58.00000 	 5.00000 	 0.70000 	 0.50000 	 -0.00000 	 -11.30000 	 -1.00000 	 -8.20000 	 -0.00000 	 -0.10000 	 -0.20000 	 12.00000 	 1.30000 	 -21.20000 	 -22.00000 	 
 
11368.40000 	 436.00000 	 58.00000 	 
-5.00000 	 57.00000 	 57.90000 	 52.50000 	 38.50000 	 20.00000 	 3.80000 	 -0.00000 	 31.80000 	 58.00000 	 5.00000 	 0.10000 	 -0.40000 	 -0.00000 	 -12.80000 	 -1.00000 	 -5.20000 	 -0.00000 	 -0.10000 	 -0.20000 	 12.00000 	 1.30000 	 -21.20000 	 -22.00000 	 
 
11399.30000 	 420.00000 	 58.00000 	 
-5.00000 	 57.00000 	 57.90000 	 52.50000 	 38.50000 	 20.00000 	 3.80000 	 -0.00000 	 31.80000 	 58.00000 	 4.70000 	 -0.20000 	 -0.10000 	 -0.00000 	 -11.90000 	 -1.00000 	 -8.50000 	 3.00000 	 -0.40000 	 -0.20000 	 12.00000 	 1.30000 	 -21.20000 	 -22.00000 	 
 
11358.30000 	 380.00000 	 67.00000 	 
-5.00000 	 57.00000 	 57.90000 	 52.50000 	 38.50000 	 20.00000 	 2.00000 	 -0.00000 	 31.80000 	 67.00000 	 5.00000 	 0.70000 	 -0.40000 	 -0.00000 	 -17.00000 	 1.40000 	 -10.00000 	 -0.00000 	 0.50000 	 -0.20000 	 12.00000 	 1.30000 	 -23.00000 	 -22.00000 	 
 
11360.60000 	 380.00000 	 66.70000 	 
-5.00000 	 57.00000 	 57.90000 	 51.90000 	 38.50000 	 20.90000 	 2.00000 	 -0.00000 	 31.80000 	 66.70000 	 5.00000 	 0.70000 	 -0.40000 	 -0.00000 	 -17.00000 	 -1.00000 	 -10.00000 	 3.00000 	 -0.10000 	 -0.20000 	 12.00000 	 1.30000 	 -23.00000 	 -22.00000 	 
 
11365.40000 	 378.00000 	 66.70000 	 
-5.00000 	 57.00000 	 57.90000 	 52.50000 	 38.50000 	 20.00000 	 2.00000 	 -0.00000 	 31.80000 	 66.70000 	 5.00000 	 1.00000 	 -0.40000 	 -0.00000 	 -17.00000 	 -1.00000 	 -10.00000 	 3.00000 	 -0.10000 	 -0.20000 	 12.00000 	 1.30000 	 -23.00000 	 -22.00000 	 
 
11349.50000 	 398.00000 	 64.00000 	 
-5.00000 	 57.00000 	 57.90000 	 52.50000 	 38.50000 	 20.00000 	 3.50000 	 -0.00000 	 31.80000 	 64.00000 	 5.00000 	 0.70000 	 -0.40000 	 -0.00000 	 -15.50000 	 -1.00000 	 -10.00000 	 3.00000 	 -0.10000 	 -0.20000 	 12.00000 	 1.30000 	 -23.00000 	 -22.00000 	 
 
11396.70000 	 400.00000 	 61.00000 	 
-5.00000 	 57.00000 	 57.00000 	 52.50000 	 38.50000 	 20.90000 	 3.50000 	 -0.00000 	 31.80000 	 61.00000 	 5.00000 	 0.70000 	 -0.40000 	 -0.00000 	 -15.50000 	 1.40000 	 -10.00000 	 3.00000 	 0.50000 	 -0.20000 	 12.00000 	 1.30000 	 -23.00000 	 -22.00000 	 
 
11372.90000 	 408.00000 	 61.00000 	 
-5.00000 	 58.50000 	 57.00000 	 52.50000 	 38.50000 	 20.90000 	 2.00000 	 -0.00000 	 31.80000 	 61.00000 	 5.00000 	 0.70000 	 -0.40000 	 -0.00000 	 -13.70000 	 -1.00000 	 -10.00000 	 3.00000 	 -0.70000 	 -0.20000 	 12.00000 	 1.30000 	 -21.20000 	 -22.00000 	 
 
11423.60000 	 410.00000 	 58.00000 	 
-5.00000 	 57.00000 	 57.00000 	 52.50000 	 38.50000 	 20.90000 	 3.50000 	 -0.00000 	 31.80000 	 58.00000 	 4.70000 	 -0.20000 	 -0.40000 	 -0.00000 	 -13.70000 	 1.40000 	 -8.50000 	 3.00000 	 -0.40000 	 -0.20000 	 12.00000 	 1.30000 	 -21.20000 	 -22.00000 	 
 
11464.40000 	 378.00000 	 63.70000 	 
-5.00000 	 57.00000 	 55.80000 	 54.90000 	 34.90000 	 21.50000 	 3.80000 	 -0.00000 	 31.80000 	 63.70000 	 5.00000 	 1.60000 	 -1.00000 	 -0.00000 	 -15.20000 	 2.00000 	 -8.50000 	 3.00000 	 -4.00000 	 -0.20000 	 13.50000 	 0.40000 	 -17.00000 	 -28.00000 	 
 
11418.30000 	 398.00000 	 61.00000 	 
-5.00000 	 58.50000 	 57.00000 	 52.50000 	 38.50000 	 20.90000 	 2.00000 	 -0.00000 	 31.80000 	 61.00000 	 5.00000 	 0.70000 	 -0.40000 	 -0.00000 	 -16.70000 	 2.00000 	 -10.00000 	 3.00000 	 0.50000 	 -0.20000 	 12.00000 	 1.90000 	 -23.00000 	 -22.00000 	 
 
11429.00000 	 408.00000 	 58.00000 	 
-5.00000 	 57.00000 	 57.00000 	 52.50000 	 39.10000 	 20.00000 	 3.50000 	 -0.00000 	 31.80000 	 58.00000 	 5.00000 	 -0.20000 	 -0.40000 	 -0.00000 	 -13.70000 	 1.40000 	 -8.50000 	 3.00000 	 -0.40000 	 -0.20000 	 12.00000 	 1.30000 	 -21.20000 	 -22.00000 	 
 
11422.40000 	 412.00000 	 58.00000 	 
-5.00000 	 57.00000 	 57.00000 	 52.50000 	 38.50000 	 20.90000 	 3.50000 	 -0.00000 	 31.80000 	 58.00000 	 5.00000 	 0.10000 	 -0.40000 	 -0.00000 	 -13.70000 	 1.40000 	 -8.50000 	 3.00000 	 -1.00000 	 -0.20000 	 12.00000 	 1.30000 	 -21.20000 	 -22.00000 	 
 
11369.30000 	 376.00000 	 67.00000 	 
-5.00000 	 57.00000 	 57.00000 	 52.50000 	 39.10000 	 20.00000 	 2.00000 	 -0.00000 	 31.80000 	 67.00000 	 5.00000 	 1.00000 	 -0.40000 	 -0.00000 	 -17.00000 	 -1.00000 	 -10.00000 	 3.00000 	 -0.10000 	 -0.20000 	 12.00000 	 1.30000 	 -23.00000 	 -22.00000 	 
 
11404.10000 	 370.00000 	 66.70000 	 
-5.00000 	 57.00000 	 57.00000 	 52.50000 	 38.50000 	 20.90000 	 2.00000 	 1.20000 	 30.00000 	 66.70000 	 5.00000 	 1.00000 	 -0.40000 	 -0.00000 	 -20.00000 	 1.40000 	 -8.50000 	 3.00000 	 -0.40000 	 -0.20000 	 12.00000 	 1.30000 	 -23.00000 	 -22.00000 	 
 
11414.60000 	 370.00000 	 66.10000 	 
-5.00000 	 57.00000 	 57.90000 	 52.50000 	 38.50000 	 20.00000 	 2.00000 	 -0.00000 	 31.80000 	 66.10000 	 5.00000 	 1.00000 	 -0.40000 	 -0.00000 	 -17.00000 	 2.00000 	 -10.00000 	 3.00000 	 -2.50000 	 -0.20000 	 12.00000 	 1.30000 	 -23.00000 	 -22.00000 	 
 
11412.60000 	 380.00000 	 63.70000 	 
-5.00000 	 57.00000 	 57.90000 	 52.50000 	 38.50000 	 20.00000 	 2.00000 	 -0.00000 	 31.80000 	 63.70000 	 5.00000 	 1.00000 	 -0.40000 	 -0.00000 	 -17.00000 	 1.40000 	 -10.00000 	 3.00000 	 0.50000 	 -0.20000 	 12.00000 	 1.30000 	 -23.00000 	 -22.00000 	 
 
11438.00000 	 378.00000 	 64.00000 	 
-5.00000 	 58.50000 	 55.80000 	 51.90000 	 37.90000 	 21.50000 	 2.00000 	 -0.00000 	 31.80000 	 64.00000 	 5.00000 	 1.00000 	 -1.00000 	 -0.00000 	 -15.20000 	 1.40000 	 -8.50000 	 3.00000 	 -0.40000 	 -2.60000 	 12.00000 	 1.90000 	 -23.00000 	 -22.00000 	 
 
11544.70000 	 338.00000 	 67.00000 	 
1.00000 	 57.00000 	 57.00000 	 52.50000 	 39.10000 	 20.00000 	 2.00000 	 -0.00000 	 31.80000 	 67.00000 	 5.00000 	 1.00000 	 -0.40000 	 -0.00000 	 -20.00000 	 1.40000 	 -10.00000 	 9.00000 	 -2.50000 	 -1.40000 	 12.00000 	 -0.50000 	 -23.00000 	 -22.00000 	 
 
11507.50000 	 346.00000 	 67.00000 	 
1.00000 	 57.00000 	 57.00000 	 52.50000 	 39.10000 	 20.00000 	 2.00000 	 -0.00000 	 31.80000 	 67.00000 	 5.00000 	 1.00000 	 -1.00000 	 -0.00000 	 -20.00000 	 -1.00000 	 -10.00000 	 9.00000 	 -0.70000 	 -0.20000 	 12.00000 	 -0.50000 	 -23.00000 	 -22.00000 	 
 
11535.70000 	 340.00000 	 67.00000 	 
1.00000 	 57.00000 	 57.00000 	 52.50000 	 39.10000 	 20.00000 	 2.00000 	 -0.00000 	 31.80000 	 67.00000 	 5.00000 	 1.00000 	 -0.40000 	 -0.00000 	 -20.00000 	 1.40000 	 -10.00000 	 8.40000 	 -2.50000 	 -0.80000 	 12.00000 	 -0.50000 	 -23.00000 	 -22.00000 	 
 
11550.70000 	 348.00000 	 64.00000 	 
1.00000 	 57.00000 	 57.00000 	 52.50000 	 39.10000 	 20.00000 	 2.00000 	 -0.00000 	 31.80000 	 64.00000 	 5.00000 	 -0.20000 	 -0.40000 	 -0.00000 	 -17.00000 	 1.40000 	 -10.00000 	 9.00000 	 -2.50000 	 -0.20000 	 12.00000 	 -0.50000 	 -23.00000 	 -22.00000 	 
 
11603.50000 	 328.00000 	 67.00000 	 
1.00000 	 57.00000 	 57.00000 	 52.50000 	 39.10000 	 20.00000 	 2.00000 	 -0.00000 	 31.80000 	 67.00000 	 5.00000 	 1.00000 	 -0.40000 	 -0.00000 	 -20.00000 	 1.40000 	 -10.00000 	 12.00000 	 -2.50000 	 -2.00000 	 12.00000 	 -0.50000 	 -25.40000 	 -22.00000 	 
 
11599.30000 	 330.00000 	 67.00000 	 
1.00000 	 57.00000 	 57.00000 	 52.50000 	 39.10000 	 20.00000 	 2.00000 	 -0.00000 	 30.00000 	 67.00000 	 5.00000 	 -0.20000 	 -1.00000 	 -0.00000 	 -20.00000 	 1.40000 	 -10.00000 	 11.40000 	 -2.50000 	 -0.20000 	 12.00000 	 -0.50000 	 -23.00000 	 -22.00000 	 
 
11616.70000 	 326.00000 	 67.00000 	 
1.00000 	 57.00000 	 57.00000 	 52.50000 	 39.10000 	 20.00000 	 2.00000 	 -0.00000 	 31.80000 	 67.00000 	 5.00000 	 1.00000 	 -1.00000 	 -0.00000 	 -20.00000 	 2.00000 	 -10.00000 	 12.00000 	 -2.50000 	 -2.00000 	 12.00000 	 -0.50000 	 -25.40000 	 -22.00000 	 
 
11629.30000 	 346.00000 	 64.00000 	 
1.00000 	 57.00000 	 57.00000 	 52.50000 	 39.10000 	 20.00000 	 2.00000 	 -0.00000 	 31.80000 	 64.00000 	 5.00000 	 -0.80000 	 -1.00000 	 -0.00000 	 -20.00000 	 1.40000 	 -10.00000 	 11.40000 	 -3.10000 	 -0.20000 	 14.40000 	 -0.50000 	 -23.00000 	 -22.00000 	 
 
11683.30000 	 316.00000 	 67.00000 	 
1.00000 	 57.00000 	 57.00000 	 52.50000 	 39.10000 	 20.00000 	 2.00000 	 0.00000 	 31.80000 	 67.00000 	 5.00000 	 -2.00000 	 -0.40000 	 -0.00000 	 -20.00000 	 2.00000 	 -10.00000 	 15.00000 	 -2.50000 	 -0.20000 	 12.00000 	 -0.50000 	 -27.80000 	 -22.00000 	 
 
11679.70000 	 318.00000 	 67.00000 	 
1.00000 	 57.00000 	 57.00000 	 52.50000 	 39.10000 	 20.00000 	 2.00000 	 -0.00000 	 31.80000 	 67.00000 	 5.00000 	 1.60000 	 -1.00000 	 -0.00000 	 -20.00000 	 1.40000 	 -10.00000 	 15.00000 	 -2.50000 	 -2.60000 	 12.00000 	 -0.50000 	 -27.80000 	 -22.00000 	 
 
11726.50000 	 320.00000 	 64.00000 	 
1.00000 	 57.00000 	 57.00000 	 52.50000 	 39.10000 	 20.00000 	 2.00000 	 -0.00000 	 31.80000 	 64.00000 	 5.00000 	 1.00000 	 -1.00000 	 -0.00000 	 -20.00000 	 1.40000 	 -10.00000 	 17.40000 	 -2.50000 	 -3.80000 	 12.00000 	 -0.50000 	 -25.40000 	 -22.00000 	 
 
11756.50000 	 306.00000 	 67.00000 	 
1.00000 	 57.00000 	 57.00000 	 52.50000 	 39.10000 	 20.00000 	 2.00000 	 -0.00000 	 30.00000 	 67.00000 	 5.00000 	 -2.00000 	 -0.40000 	 -0.00000 	 -20.00000 	 2.00000 	 -10.00000 	 18.00000 	 -2.50000 	 -2.00000 	 12.00000 	 -0.50000 	 -27.20000 	 -22.00000 	 
 
11856.10000 	 296.00000 	 67.00000 	 
1.00000 	 57.00000 	 57.00000 	 52.50000 	 39.10000 	 20.00000 	 2.00000 	 -0.00000 	 30.00000 	 67.00000 	 5.00000 	 -2.00000 	 -0.40000 	 -0.00000 	 -20.00000 	 5.00000 	 -10.00000 	 18.00000 	 -2.50000 	 -2.00000 	 12.00000 	 -0.50000 	 -30.20000 	 -22.00000 	 
 
11992.90000 	 286.00000 	 67.00000 	 
1.00000 	 57.00000 	 57.00000 	 52.50000 	 39.10000 	 20.00000 	 2.00000 	 -0.00000 	 30.00000 	 67.00000 	 5.00000 	 -2.00000 	 -0.40000 	 -0.00000 	 -20.00000 	 5.00000 	 -10.00000 	 18.00000 	 -2.50000 	 -2.00000 	 12.00000 	 -0.50000 	 -24.20000 	 -22.00000 	 
 
12285.70000 	 266.00000 	 67.00000 	 
7.00000 	 57.00000 	 57.00000 	 52.50000 	 39.10000 	 20.00000 	 2.00000 	 -0.00000 	 30.00000 	 67.00000 	 5.00000 	 -2.00000 	 -0.40000 	 -0.00000 	 -20.00000 	 5.00000 	 -10.00000 	 18.00000 	 -2.50000 	 -2.00000 	 12.00000 	 -0.50000 	 -24.20000 	 -16.00000 	 
 
12139.60000 	 276.00000 	 67.00000 	 
7.00000 	 57.00000 	 57.00000 	 54.30000 	 36.70000 	 18.80000 	 3.80000 	 -0.00000 	 30.00000 	 67.00000 	 5.00000 	 1.00000 	 -1.00000 	 -0.00000 	 -20.00000 	 5.00000 	 -10.00000 	 18.00000 	 -2.50000 	 -4.40000 	 12.00000 	 -0.50000 	 -24.20000 	 -22.00000 	 
 
12601.90000 	 246.00000 	 67.00000 	 
19.00000 	 57.00000 	 57.00000 	 52.50000 	 39.10000 	 20.00000 	 2.00000 	 -0.00000 	 30.00000 	 67.00000 	 5.00000 	 -2.00000 	 -0.40000 	 -0.00000 	 -20.00000 	 5.00000 	 -10.00000 	 18.00000 	 -2.50000 	 -2.00000 	 12.00000 	 -0.50000 	 -24.20000 	 -16.00000 	 
 
12448.90000 	 256.00000 	 67.00000 	 
13.00000 	 58.50000 	 55.80000 	 53.10000 	 36.70000 	 21.50000 	 2.00000 	 -0.00000 	 30.00000 	 67.00000 	 5.00000 	 -2.00000 	 -0.40000 	 -0.00000 	 -20.00000 	 5.00000 	 -10.00000 	 18.00000 	 -2.50000 	 -2.00000 	 12.00000 	 -0.50000 	 -24.20000 	 -16.00000 	 
 
13176.70000 	 211.00000 	 67.00000 	 
28.00000 	 57.00000 	 57.00000 	 52.50000 	 39.10000 	 20.00000 	 2.00000 	 -0.00000 	 30.00000 	 67.00000 	 5.00000 	 -2.00000 	 -0.40000 	 -0.00000 	 -20.00000 	 5.00000 	 -10.00000 	 18.00000 	 -2.50000 	 -2.00000 	 12.00000 	 -0.50000 	 -18.20000 	 -10.00000 	 
 
13167.10000 	 212.00000 	 67.00000 	 
28.00000 	 58.50000 	 55.80000 	 53.10000 	 36.70000 	 21.50000 	 2.00000 	 -0.00000 	 30.00000 	 67.00000 	 5.00000 	 -2.00000 	 -0.40000 	 -0.00000 	 -20.00000 	 5.00000 	 -10.00000 	 18.00000 	 -2.50000 	 -2.00000 	 12.00000 	 -0.50000 	 -18.20000 	 -10.60000 	 
 
13165.10000 	 216.00000 	 67.00000 	 
28.00000 	 57.00000 	 57.00000 	 52.50000 	 38.50000 	 20.90000 	 2.00000 	 1.20000 	 30.00000 	 67.00000 	 5.00000 	 -2.00000 	 -1.00000 	 -0.00000 	 -20.00000 	 4.40000 	 -10.00000 	 17.40000 	 0.50000 	 -4.40000 	 12.00000 	 -0.50000 	 -18.20000 	 -10.00000 	 
 
13356.70000 	 201.00000 	 67.00000 	 
28.00000 	 57.00000 	 57.00000 	 52.50000 	 39.10000 	 20.00000 	 2.00000 	 -0.00000 	 30.00000 	 67.00000 	 5.00000 	 -2.00000 	 -0.40000 	 -0.00000 	 -20.00000 	 5.00000 	 -10.00000 	 18.00000 	 -2.50000 	 -2.00000 	 12.00000 	 -0.50000 	 -12.20000 	 -10.00000 	 
 
13456.90000 	 196.00000 	 67.00000 	 
31.00000 	 57.00000 	 55.50000 	 53.70000 	 36.10000 	 21.50000 	 3.80000 	 -0.00000 	 30.00000 	 67.00000 	 5.00000 	 1.00000 	 -1.00000 	 -0.00000 	 -20.00000 	 5.00000 	 -10.00000 	 18.00000 	 -2.50000 	 -4.40000 	 12.00000 	 -0.50000 	 -12.20000 	 -10.00000 	 
 
13637.50000 	 186.00000 	 67.00000 	 
37.00000 	 57.00000 	 57.00000 	 52.50000 	 39.10000 	 20.00000 	 2.00000 	 -0.00000 	 30.00000 	 67.00000 	 5.00000 	 -2.00000 	 -0.40000 	 -0.00000 	 -20.00000 	 5.00000 	 -10.00000 	 18.00000 	 -2.50000 	 -2.00000 	 12.00000 	 -0.50000 	 -12.20000 	 -10.00000 	 
 
13831.90000 	 176.00000 	 67.00000 	 
37.00000 	 57.00000 	 57.00000 	 52.50000 	 39.10000 	 20.00000 	 2.00000 	 -0.00000 	 30.00000 	 67.00000 	 5.00000 	 -2.00000 	 -0.40000 	 -0.00000 	 -20.00000 	 5.00000 	 -10.00000 	 18.00000 	 -2.50000 	 -2.00000 	 12.00000 	 -0.50000 	 -6.20000 	 -10.00000 	 
 
13819.30000 	 177.00000 	 67.00000 	 
37.00000 	 57.00000 	 55.80000 	 53.10000 	 36.70000 	 21.50000 	 3.50000 	 -0.00000 	 30.00000 	 67.00000 	 5.00000 	 -2.00000 	 -0.40000 	 -0.00000 	 -20.00000 	 5.00000 	 -10.00000 	 18.00000 	 -2.50000 	 -2.00000 	 12.00000 	 -0.50000 	 -6.80000 	 -10.00000 	 
 
11409.60000 	 468.00000 	 57.00000 	 
-5.00000 	 57.00000 	 57.00000 	 52.50000 	 38.50000 	 20.90000 	 3.80000 	 -0.00000 	 31.80000 	 55.00000 	 5.00000 	 -0.20000 	 1.10000 	 -0.00000 	 -11.60000 	 -1.00000 	 -7.00000 	 -0.00000 	 -0.10000 	 2.20000 	 12.00000 	 1.30000 	 -21.20000 	 -22.00000 	 
 
11308.40000 	 426.00000 	 63.40000 	 
-5.00000 	 57.00000 	 57.00000 	 52.50000 	 38.50000 	 20.90000 	 3.80000 	 -0.00000 	 31.80000 	 63.40000 	 4.10000 	 0.10000 	 -0.40000 	 -0.00000 	 -13.70000 	 -1.00000 	 -8.50000 	 -0.00000 	 -1.00000 	 -0.20000 	 12.00000 	 1.90000 	 -21.20000 	 -22.00000 	 
 
11338.10000 	 438.00000 	 60.40000 	 
-5.00000 	 57.00000 	 57.90000 	 52.50000 	 39.10000 	 20.90000 	 2.00000 	 -0.00000 	 31.80000 	 60.40000 	 5.00000 	 0.10000 	 -0.40000 	 -0.00000 	 -14.90000 	 -1.00000 	 -5.50000 	 -0.00000 	 -1.00000 	 -0.20000 	 12.00000 	 2.50000 	 -21.20000 	 -22.00000 	 
 
11303.90000 	 408.00000 	 66.70000 	 
-5.00000 	 58.50000 	 57.90000 	 52.50000 	 38.50000 	 20.00000 	 2.00000 	 -0.00000 	 31.80000 	 66.70000 	 4.70000 	 0.70000 	 -0.70000 	 -0.30000 	 -17.30000 	 -1.00000 	 -8.50000 	 -0.00000 	 -1.00000 	 -0.20000 	 12.00000 	 1.90000 	 -21.20000 	 -22.00000 	 
 
11311.40000 	 402.00000 	 67.00000 	 
-5.00000 	 57.00000 	 57.00000 	 52.50000 	 38.50000 	 20.00000 	 3.50000 	 -0.00000 	 31.80000 	 67.00000 	 4.70000 	 0.70000 	 -0.40000 	 -0.00000 	 -17.30000 	 -1.00000 	 -8.50000 	 -0.00000 	 -1.00000 	 -0.20000 	 12.00000 	 1.90000 	 -21.20000 	 -22.00000 	 
 
11308.70000 	 404.00000 	 66.70000 	 
-5.00000 	 57.00000 	 57.90000 	 52.50000 	 38.50000 	 20.90000 	 2.00000 	 -0.00000 	 31.80000 	 66.70000 	 4.70000 	 0.70000 	 -0.40000 	 -0.00000 	 -17.30000 	 -1.00000 	 -8.50000 	 -0.00000 	 -1.00000 	 -0.20000 	 12.00000 	 1.90000 	 -21.20000 	 -22.00000 	 
 
11350.20000 	 384.00000 	 67.00000 	 
-5.00000 	 58.50000 	 57.00000 	 52.50000 	 38.50000 	 20.00000 	 2.00000 	 -0.00000 	 31.80000 	 67.00000 	 4.70000 	 0.70000 	 -0.40000 	 -0.00000 	 -17.30000 	 1.40000 	 -10.00000 	 -0.00000 	 0.50000 	 -0.20000 	 12.00000 	 1.30000 	 -23.00000 	 -22.00000 	 
 
13842.60000 	 305.00000 	 64.00000 	 
-11.00000 	 60.60000 	 50.40000 	 39.00000 	 35.80000 	 14.00000 	 20.00000 	 -1.50000 	 42.60000 	 64.00000 	 5.00000 	 -2.00000 	 2.00000 	 -0.00000 	 -17.90000 	 5.00000 	 -8.50000 	 18.00000 	 -0.40000 	 -8.00000 	 12.00000 	 7.00000 	 -8.00000 	 -10.00000 	 
 
11350.50000 	 384.00000 	 66.70000 	 
-5.00000 	 58.50000 	 57.00000 	 52.50000 	 38.50000 	 20.00000 	 2.00000 	 -0.00000 	 31.80000 	 66.70000 	 4.70000 	 0.70000 	 -0.40000 	 -0.00000 	 -17.00000 	 1.40000 	 -10.00000 	 -0.00000 	 0.50000 	 -0.20000 	 12.00000 	 1.30000 	 -23.00000 	 -22.00000 	 
 
11331.80000 	 392.00000 	 67.00000 	 
-5.00000 	 57.00000 	 57.00000 	 52.50000 	 38.50000 	 20.00000 	 3.50000 	 -0.00000 	 31.80000 	 67.00000 	 4.70000 	 0.70000 	 -0.40000 	 -0.00000 	 -17.30000 	 -1.00000 	 -10.00000 	 -0.00000 	 -0.10000 	 -0.20000 	 12.00000 	 2.50000 	 -21.20000 	 -22.00000 	 
 
11456.60000 	 364.00000 	 66.70000 	 
-5.00000 	 57.00000 	 57.00000 	 52.50000 	 38.50000 	 20.00000 	 3.50000 	 -0.00000 	 31.80000 	 66.70000 	 4.70000 	 0.70000 	 -4.00000 	 -0.00000 	 -17.00000 	 -1.00000 	 -10.00000 	 8.70000 	 -2.20000 	 -0.20000 	 12.00000 	 1.30000 	 -23.00000 	 -22.00000 	 
 
11356.20000 	 392.00000 	 66.10000 	 
-5.00000 	 58.50000 	 57.00000 	 52.50000 	 38.50000 	 20.00000 	 2.00000 	 -0.00000 	 31.80000 	 66.10000 	 4.70000 	 0.10000 	 -0.40000 	 -0.00000 	 -17.00000 	 1.40000 	 -10.30000 	 -0.00000 	 0.20000 	 -0.20000 	 12.00000 	 1.30000 	 -21.20000 	 -22.00000 	 
 
11354.30000 	 382.00000 	 66.70000 	 
-5.00000 	 57.00000 	 57.00000 	 52.50000 	 38.50000 	 20.00000 	 3.50000 	 -0.00000 	 31.80000 	 66.70000 	 4.70000 	 0.70000 	 -0.40000 	 -0.00000 	 -17.00000 	 -1.00000 	 -10.00000 	 3.00000 	 -0.10000 	 -0.20000 	 12.00000 	 1.30000 	 -23.00000 	 -22.00000 	 
 
11449.70000 	 358.00000 	 67.00000 	 
1.00000 	 57.00000 	 57.00000 	 52.50000 	 39.10000 	 20.00000 	 2.00000 	 -0.00000 	 31.80000 	 67.00000 	 5.00000 	 1.00000 	 -0.40000 	 -0.00000 	 -17.00000 	 1.40000 	 -10.00000 	 3.00000 	 0.50000 	 -1.40000 	 12.00000 	 -0.50000 	 -23.00000 	 -22.00000 	 
 
11412.50000 	 366.00000 	 67.00000 	 
1.00000 	 57.00000 	 57.00000 	 52.50000 	 39.10000 	 20.00000 	 2.00000 	 -0.00000 	 31.80000 	 67.00000 	 5.00000 	 1.00000 	 -0.40000 	 -0.00000 	 -17.00000 	 -1.00000 	 -10.00000 	 3.00000 	 -0.10000 	 -0.20000 	 12.00000 	 1.30000 	 -23.00000 	 -22.00000 	 
 
11461.30000 	 356.00000 	 67.00000 	 
1.00000 	 57.00000 	 57.00000 	 52.50000 	 39.10000 	 20.00000 	 2.00000 	 1.20000 	 30.00000 	 67.00000 	 5.00000 	 1.00000 	 -0.40000 	 -0.00000 	 -17.00000 	 2.00000 	 -10.00000 	 3.00000 	 -0.70000 	 -0.20000 	 12.00000 	 -0.50000 	 -23.00000 	 -22.00000 	 
 
11327.30000 	 396.00000 	 66.70000 	 
-5.00000 	 58.50000 	 57.00000 	 52.50000 	 39.10000 	 20.00000 	 2.00000 	 -0.00000 	 31.80000 	 66.70000 	 4.70000 	 0.70000 	 -0.40000 	 -0.30000 	 -17.30000 	 -1.00000 	 -10.00000 	 -0.00000 	 -0.10000 	 -0.20000 	 12.00000 	 2.50000 	 -21.20000 	 -22.00000 	 
 
11318.90000 	 400.00000 	 66.70000 	 
-5.00000 	 58.50000 	 56.10000 	 52.50000 	 38.50000 	 19.10000 	 3.50000 	 -0.00000 	 31.80000 	 66.70000 	 5.00000 	 0.70000 	 -0.40000 	 -0.00000 	 -17.00000 	 -1.00000 	 -8.50000 	 -0.00000 	 -1.00000 	 -0.20000 	 12.00000 	 1.90000 	 -21.20000 	 -22.00000 	 
 
11354.00000 	 382.00000 	 67.00000 	 
-5.00000 	 58.50000 	 57.00000 	 52.50000 	 38.50000 	 20.00000 	 2.00000 	 -0.00000 	 31.80000 	 67.00000 	 4.70000 	 0.70000 	 -0.40000 	 -0.00000 	 -17.30000 	 -1.00000 	 -10.00000 	 3.00000 	 -0.10000 	 -0.20000 	 12.00000 	 1.30000 	 -23.00000 	 -22.00000 	 
 
11370.50000 	 396.00000 	 64.00000 	 
-5.00000 	 57.00000 	 57.00000 	 52.50000 	 38.50000 	 20.00000 	 3.50000 	 -0.00000 	 31.80000 	 64.00000 	 5.00000 	 1.00000 	 -0.40000 	 -0.00000 	 -14.90000 	 -1.00000 	 -8.50000 	 3.00000 	 -1.00000 	 -0.80000 	 12.00000 	 1.30000 	 -23.00000 	 -22.00000 	 
 
11406.50000 	 368.00000 	 67.00000 	 
-5.00000 	 57.00000 	 57.00000 	 52.50000 	 39.10000 	 20.00000 	 2.00000 	 -0.00000 	 31.80000 	 67.00000 	 5.00000 	 1.00000 	 -0.40000 	 -0.00000 	 -17.00000 	 1.40000 	 -10.00000 	 3.00000 	 0.50000 	 -1.40000 	 12.00000 	 -0.50000 	 -23.00000 	 -22.00000 	 
 
11497.90000 	 348.00000 	 67.00000 	 
1.00000 	 57.00000 	 57.00000 	 52.50000 	 39.10000 	 20.00000 	 2.00000 	 -0.00000 	 31.80000 	 67.00000 	 5.00000 	 1.00000 	 -0.40000 	 -0.00000 	 -20.00000 	 -1.00000 	 -10.00000 	 8.40000 	 -0.70000 	 -0.20000 	 12.00000 	 -0.50000 	 -23.00000 	 -22.00000 	 
 
11441.30000 	 362.00000 	 67.00000 	 
1.00000 	 57.00000 	 57.00000 	 52.50000 	 39.10000 	 20.00000 	 2.00000 	 -0.00000 	 31.80000 	 67.00000 	 5.00000 	 0.40000 	 -0.40000 	 -0.00000 	 -17.00000 	 1.40000 	 -10.00000 	 3.00000 	 0.50000 	 -0.20000 	 11.40000 	 -0.50000 	 -23.00000 	 -22.00000 	 
 
11560.30000 	 336.00000 	 67.00000 	 
1.00000 	 57.00000 	 57.00000 	 52.50000 	 39.10000 	 20.00000 	 2.00000 	 -0.00000 	 31.80000 	 67.00000 	 5.00000 	 1.00000 	 -1.00000 	 -0.00000 	 -20.00000 	 -1.00000 	 -10.00000 	 12.00000 	 -2.50000 	 -1.40000 	 12.00000 	 -0.50000 	 -23.00000 	 -22.00000 	 
 
11300.70000 	 424.00000 	 66.10000 	 
-5.00000 	 58.80000 	 57.00000 	 52.50000 	 38.50000 	 20.90000 	 2.00000 	 -0.00000 	 31.80000 	 66.10000 	 2.00000 	 0.10000 	 -0.40000 	 -0.00000 	 -15.50000 	 -1.00000 	 -8.50000 	 -0.00000 	 0.80000 	 -0.20000 	 12.00000 	 1.30000 	 -21.20000 	 -22.00000 	 
 
11347.30000 	 426.00000 	 61.00000 	 
-5.00000 	 57.00000 	 57.90000 	 52.50000 	 38.50000 	 20.00000 	 3.80000 	 -0.00000 	 31.80000 	 61.00000 	 5.00000 	 0.10000 	 0.20000 	 -0.00000 	 -14.60000 	 -1.00000 	 -8.50000 	 -0.00000 	 0.20000 	 -0.20000 	 12.00000 	 2.50000 	 -21.20000 	 -22.00000 	 
 
11295.20000 	 418.00000 	 66.70000 	 
-5.00000 	 57.00000 	 57.90000 	 52.50000 	 38.50000 	 20.00000 	 3.50000 	 -0.00000 	 31.80000 	 66.70000 	 2.00000 	 1.00000 	 -0.40000 	 -0.00000 	 -15.50000 	 -1.00000 	 -8.50000 	 -0.00000 	 -1.00000 	 -0.20000 	 12.00000 	 1.90000 	 -21.20000 	 -22.00000 	 
 
11322.80000 	 398.00000 	 66.70000 	 
-5.00000 	 57.00000 	 57.90000 	 52.50000 	 38.50000 	 20.00000 	 2.00000 	 -0.00000 	 31.80000 	 66.70000 	 5.00000 	 1.00000 	 -0.40000 	 -0.00000 	 -17.00000 	 -1.00000 	 -8.50000 	 -0.00000 	 -1.00000 	 -0.20000 	 12.00000 	 1.90000 	 -21.20000 	 -22.00000 	 
 
11306.90000 	 406.00000 	 66.70000 	 
-5.00000 	 58.50000 	 57.00000 	 52.50000 	 39.10000 	 20.00000 	 2.00000 	 -0.00000 	 31.80000 	 66.70000 	 4.70000 	 0.70000 	 -0.40000 	 -0.30000 	 -17.30000 	 -1.00000 	 -8.50000 	 -0.00000 	 -1.00000 	 -0.20000 	 12.00000 	 1.90000 	 -21.20000 	 -22.00000 	 
 
11358.30000 	 412.00000 	 63.70000 	 
-5.00000 	 57.00000 	 57.00000 	 52.50000 	 38.50000 	 20.00000 	 3.50000 	 -0.00000 	 31.80000 	 63.70000 	 4.70000 	 2.50000 	 -0.40000 	 -0.00000 	 -17.00000 	 -1.00000 	 -8.50000 	 -0.00000 	 0.80000 	 -0.20000 	 12.00000 	 1.30000 	 -21.20000 	 -22.00000 	 
 
11329.10000 	 394.00000 	 66.70000 	 
-5.00000 	 57.00000 	 57.90000 	 52.50000 	 38.50000 	 20.90000 	 2.00000 	 -0.00000 	 31.80000 	 66.70000 	 4.70000 	 0.70000 	 -0.40000 	 -0.00000 	 -17.30000 	 -1.00000 	 -10.00000 	 -0.00000 	 -0.10000 	 -0.20000 	 12.00000 	 2.50000 	 -21.20000 	 -22.00000 	 
 
11401.70000 	 370.00000 	 67.00000 	 
-5.00000 	 57.00000 	 57.90000 	 52.50000 	 38.50000 	 20.00000 	 2.00000 	 -0.00000 	 31.80000 	 67.00000 	 4.70000 	 1.00000 	 -1.00000 	 -0.00000 	 -17.00000 	 1.40000 	 -10.00000 	 3.00000 	 0.50000 	 -0.80000 	 12.00000 	 -0.50000 	 -23.00000 	 -22.00000 	 
 
11445.40000 	 360.00000 	 67.00000 	 
1.00000 	 57.00000 	 57.00000 	 51.90000 	 38.50000 	 21.50000 	 2.00000 	 -0.00000 	 31.80000 	 67.00000 	 5.00000 	 0.70000 	 -0.40000 	 -0.00000 	 -17.00000 	 1.40000 	 -8.50000 	 3.00000 	 -1.00000 	 -1.40000 	 12.00000 	 -0.50000 	 -23.00000 	 -22.00000 	 
 
11325.20000 	 422.00000 	 63.40000 	 
-5.00000 	 58.80000 	 57.90000 	 53.10000 	 37.90000 	 20.00000 	 2.00000 	 -0.00000 	 31.80000 	 63.40000 	 5.00000 	 1.30000 	 -1.30000 	 -0.00000 	 -15.50000 	 -1.00000 	 -8.50000 	 -0.00000 	 -1.00000 	 -0.20000 	 12.00000 	 2.50000 	 -21.20000 	 -22.00000 	 
 
11294.90000 	 426.00000 	 66.10000 	 
-5.00000 	 57.00000 	 57.90000 	 52.50000 	 38.50000 	 20.00000 	 3.80000 	 -0.00000 	 31.80000 	 66.10000 	 1.40000 	 0.10000 	 -0.40000 	 -0.00000 	 -13.70000 	 -1.00000 	 -8.50000 	 -0.00000 	 -1.00000 	 -0.20000 	 12.00000 	 1.90000 	 -21.20000 	 -22.00000 	 
 
11316.20000 	 400.00000 	 67.00000 	 
-5.00000 	 58.50000 	 55.80000 	 52.50000 	 38.50000 	 20.90000 	 2.00000 	 -0.00000 	 31.80000 	 67.00000 	 4.70000 	 0.70000 	 -0.40000 	 -0.00000 	 -17.00000 	 -1.00000 	 -8.50000 	 -0.00000 	 -1.00000 	 -0.20000 	 12.00000 	 1.90000 	 -21.20000 	 -22.00000 	 
 
11347.50000 	 386.00000 	 66.70000 	 
-5.00000 	 57.00000 	 57.90000 	 52.50000 	 38.50000 	 20.90000 	 2.00000 	 -0.00000 	 31.80000 	 66.70000 	 4.70000 	 0.70000 	 -0.40000 	 -0.00000 	 -17.30000 	 1.40000 	 -10.00000 	 -0.00000 	 0.50000 	 -0.20000 	 12.00000 	 1.30000 	 -23.00000 	 -22.00000 	 
 
11395.40000 	 372.00000 	 67.00000 	 
-5.00000 	 57.00000 	 57.00000 	 54.30000 	 36.70000 	 20.90000 	 2.00000 	 -0.00000 	 31.80000 	 67.00000 	 5.00000 	 0.10000 	 -0.40000 	 -0.00000 	 -20.00000 	 1.40000 	 -8.50000 	 3.00000 	 -0.40000 	 -0.20000 	 12.00000 	 1.30000 	 -23.00000 	 -22.00000 	 
 
11402.00000 	 376.00000 	 66.70000 	 
-5.00000 	 58.50000 	 57.00000 	 52.50000 	 38.50000 	 20.00000 	 2.00000 	 -0.00000 	 31.80000 	 66.70000 	 4.70000 	 1.30000 	 -1.00000 	 -0.00000 	 -20.00000 	 1.40000 	 -8.50000 	 3.00000 	 -1.00000 	 -0.20000 	 12.00000 	 1.30000 	 -23.00000 	 -22.00000 	 
 
11336.60000 	 390.00000 	 67.00000 	 
-5.00000 	 57.00000 	 55.80000 	 52.50000 	 38.50000 	 20.90000 	 3.50000 	 -0.00000 	 31.80000 	 67.00000 	 4.70000 	 0.70000 	 -0.40000 	 -0.00000 	 -17.00000 	 -1.00000 	 -10.00000 	 -0.00000 	 -0.10000 	 -0.20000 	 12.00000 	 2.50000 	 -21.20000 	 -22.00000 	 
 
11343.20000 	 388.00000 	 66.70000 	 
-5.00000 	 57.00000 	 57.00000 	 52.50000 	 38.50000 	 20.90000 	 2.00000 	 -0.00000 	 31.80000 	 66.70000 	 5.00000 	 1.00000 	 -0.40000 	 -0.00000 	 -17.00000 	 -1.00000 	 -10.00000 	 -0.00000 	 -0.10000 	 -0.20000 	 12.00000 	 2.50000 	 -21.20000 	 -22.00000 	 
 
11344.50000 	 396.00000 	 66.40000 	 
-5.00000 	 57.00000 	 57.00000 	 52.50000 	 38.50000 	 20.00000 	 3.50000 	 -0.00000 	 31.80000 	 66.40000 	 4.70000 	 0.70000 	 -0.40000 	 -0.00000 	 -17.30000 	 -1.00000 	 -9.10000 	 -0.00000 	 0.80000 	 -0.20000 	 12.00000 	 1.30000 	 -21.20000 	 -22.00000 	 
 
11326.70000 	 396.00000 	 67.00000 	 
-5.00000 	 57.00000 	 57.00000 	 52.50000 	 39.10000 	 20.00000 	 2.00000 	 -0.00000 	 31.80000 	 67.00000 	 5.00000 	 1.00000 	 -0.40000 	 -0.00000 	 -17.00000 	 -1.00000 	 -8.50000 	 -0.00000 	 -1.00000 	 -0.20000 	 12.00000 	 1.90000 	 -21.20000 	 -22.00000 	 
 
11349.80000 	 392.00000 	 66.40000 	 
-5.00000 	 57.00000 	 57.90000 	 52.50000 	 38.50000 	 20.00000 	 2.00000 	 -0.00000 	 31.80000 	 66.40000 	 5.00000 	 0.70000 	 -1.00000 	 -0.00000 	 -17.00000 	 -1.00000 	 -7.30000 	 -0.00000 	 -0.40000 	 -0.20000 	 12.00000 	 1.30000 	 -21.20000 	 -22.00000 	 
 
11546.30000 	 375.00000 	 64.00000 	 
-5.00000 	 58.50000 	 57.00000 	 52.50000 	 38.50000 	 20.00000 	 2.00000 	 -0.00000 	 30.00000 	 64.00000 	 1.70000 	 0.10000 	 -1.00000 	 -0.00000 	 -16.40000 	 -1.00000 	 -10.00000 	 11.70000 	 -2.20000 	 -0.20000 	 12.00000 	 1.30000 	 -21.20000 	 -22.00000 	 
 
11303.60000 	 410.00000 	 66.70000 	 
-5.00000 	 57.00000 	 57.90000 	 52.50000 	 38.50000 	 20.00000 	 3.80000 	 -0.00000 	 31.50000 	 66.70000 	 4.70000 	 0.70000 	 -0.70000 	 -0.30000 	 -17.30000 	 -1.00000 	 -8.50000 	 -0.00000 	 -1.00000 	 -0.20000 	 12.00000 	 1.90000 	 -21.20000 	 -22.00000 	 
 
11335.80000 	 402.00000 	 66.40000 	 
-5.00000 	 58.80000 	 57.00000 	 52.50000 	 37.90000 	 20.00000 	 2.00000 	 1.20000 	 30.00000 	 66.40000 	 4.70000 	 0.70000 	 -0.40000 	 -0.00000 	 -17.00000 	 -1.00000 	 -8.50000 	 -0.00000 	 0.80000 	 -0.20000 	 12.00000 	 1.30000 	 -21.20000 	 -22.00000 	 
 
11344.10000 	 398.00000 	 66.40000 	 
-5.00000 	 58.50000 	 57.00000 	 52.50000 	 38.50000 	 20.00000 	 2.00000 	 -0.00000 	 31.80000 	 66.40000 	 4.70000 	 0.10000 	 -0.70000 	 -0.00000 	 -17.00000 	 -1.00000 	 -7.30000 	 -0.00000 	 -0.40000 	 -0.20000 	 12.00000 	 1.30000 	 -21.20000 	 -22.00000 	 
 
11347.10000 	 386.00000 	 67.00000 	 
-5.00000 	 57.00000 	 57.00000 	 52.50000 	 39.10000 	 20.00000 	 2.00000 	 -0.00000 	 31.80000 	 67.00000 	 5.00000 	 1.00000 	 -0.40000 	 -0.00000 	 -17.00000 	 -1.00000 	 -10.00000 	 -0.00000 	 -0.10000 	 -0.20000 	 12.00000 	 2.50000 	 -21.20000 	 -22.00000 	 
 
11342.70000 	 390.00000 	 66.70000 	 
-5.00000 	 58.50000 	 57.00000 	 52.50000 	 38.50000 	 20.90000 	 2.00000 	 -0.00000 	 31.80000 	 66.70000 	 4.70000 	 0.70000 	 -0.70000 	 -0.30000 	 -17.30000 	 1.40000 	 -10.00000 	 -0.00000 	 0.50000 	 -0.20000 	 12.00000 	 1.30000 	 -23.00000 	 -22.00000 	 
 
11472.80000 	 362.00000 	 66.70000 	 
-5.00000 	 58.50000 	 57.00000 	 52.50000 	 38.50000 	 20.00000 	 2.00000 	 -0.00000 	 31.80000 	 66.70000 	 4.70000 	 0.70000 	 -4.00000 	 -0.00000 	 -17.00000 	 -1.00000 	 -8.50000 	 9.00000 	 -4.00000 	 -0.20000 	 12.00000 	 1.30000 	 -23.00000 	 -22.00000 	 
 
11299.10000 	 416.00000 	 67.00000 	 
-5.00000 	 58.50000 	 57.00000 	 52.50000 	 39.10000 	 20.00000 	 2.00000 	 -0.00000 	 31.80000 	 67.00000 	 2.00000 	 1.00000 	 -0.40000 	 -0.00000 	 -15.50000 	 -1.00000 	 -8.50000 	 -0.00000 	 -1.00000 	 -0.20000 	 12.00000 	 1.90000 	 -21.20000 	 -22.00000 	 
 
