200477.70000 	 245.10000 	 913.00000 	 
189235.70000 	 490.10000 	 668.00000 	 
166108.30000 	 1848.30000 	 666.40000 	 
167549.40000 	 1821.60000 	 686.60000 	 
167068.00000 	 1830.80000 	 677.40000 	 
166885.70000 	 1833.40000 	 677.40000 	 
166828.00000 	 1834.00000 	 671.40000 	 
166110.40000 	 1846.50000 	 666.40000 	 
167747.20000 	 1639.00000 	 696.00000 	 
169642.50000 	 1603.80000 	 696.00000 	 
169256.10000 	 1610.10000 	 703.00000 	 
168978.50000 	 1618.00000 	 705.00000 	 
168862.00000 	 1619.90000 	 705.00000 	 
168680.20000 	 1620.50000 	 712.00000 	 
167771.50000 	 1636.10000 	 703.00000 	 
170571.50000 	 1546.60000 	 710.00000 	 
167108.80000 	 1639.80000 	 713.00000 	 
167645.80000 	 1661.40000 	 696.00000 	 
